	0.000000,
	0.000002,
	0.000009,
	0.000029,
	0.000067,
	0.000129,
	0.000221,
	0.000349,
	0.000519,
	0.000735,
	0.001004,
	0.001332,
	0.001723,
	0.002184,
	0.002719,
	0.003333,
	0.004032,
	0.004821,
	0.005706,
	0.006689,
	0.007778,
	0.008976,
	0.010289,
	0.011720,
	0.013274,
	0.014957,
	0.016772,
	0.018723,
	0.020815,
	0.023052,
	0.025439,
	0.027978,
	0.030674,
	0.033532,
	0.036554,
	0.039744,
	0.043106,
	0.046643,
	0.050360,
	0.054258,
	0.058342,
	0.062615,
	0.067079,
	0.071739,
	0.076595,
	0.081653,
	0.086913,
	0.092380,
	0.098055,
	0.103941,
	0.110041,
	0.116356,
	0.122889,
	0.129643,
	0.136618,
	0.143818,
	0.151244,
	0.158898,
	0.166781,
	0.174896,
	0.183243,
	0.191824,
	0.200642,
	0.209695,
	0.218987,
	0.228518,
	0.238289,
	0.248302,
	0.258556,
	0.269052,
	0.279792,
	0.290776,
	0.302004,
	0.313477,
	0.325194,
	0.337157,
	0.349365,
	0.361819,
	0.374518,
	0.387462,
	0.400651,
	0.414085,
	0.427763,
	0.441684,
	0.455849,
	0.470257,
	0.484906,
	0.499796,
	0.514926,
	0.530295,
	0.545902,
	0.561746,
	0.577825,
	0.594139,
	0.610685,
	0.627463,
	0.644470,
	0.661705,
	0.679166,
	0.696852,
	0.714760,
	0.732889,
	0.751236,
	0.769799,
	0.788576,
	0.807565,
	0.826763,
	0.846168,
	0.865777,
	0.885588,
	0.905598,
	0.925803,
	0.946203,
	0.966792,
	0.987569,
	1.008530,
	1.029673,
	1.050993,
	1.072488,
	1.094154,
	1.115988,
	1.137987,
	1.160146,
	1.182463,
	1.204933,
	1.227553,
	1.250319,
	1.273226,
	1.296272,
	1.319452,
	1.342762,
	1.366198,
	1.389755,
	1.413430,
	1.437218,
	1.461115,
	1.485116,
	1.509217,
	1.533413,
	1.557700,
	1.582073,
	1.606528,
	1.631059,
	1.655662,
	1.680332,
	1.705065,
	1.729854,
	1.754696,
	1.779585,
	1.804517,
	1.829486,
	1.854487,
	1.879514,
	1.904563,
	1.929629,
	1.954706,
	1.979789,
	2.004872,
	2.029950,
	2.055018,
	2.080070,
	2.105101,
	2.130105,
	2.155077,
	2.180011,
	2.204902,
	2.229744,
	2.254531,
	2.279258,
	2.303919,
	2.328509,
	2.353022,
	2.377452,
	2.401793,
	2.426040,
	2.450187,
	2.474228,
	2.498158,
	2.521970,
	2.545660,
	2.569220,
	2.592647,
	2.615933,
	2.639072,
	2.662060,
	2.684891,
	2.707558,
	2.730056,
	2.752380,
	2.774522,
	2.796479,
	2.818244,
	2.839811,
	2.861174,
	2.882329,
	2.903269,
	2.923989,
	2.944483,
	2.964745,
	2.984771,
	3.004554,
	3.024089,
	3.043370,
	3.062392,
	3.081150,
	3.099638,
	3.117851,
	3.135783,
	3.153429,
	3.170784,
	3.187843,
	3.204600,
	3.221051,
	3.237190,
	3.253012,
	3.268512,
	3.283686,
	3.298528,
	3.313033,
	3.327196,
	3.341014,
	3.354480,
	3.367591,
	3.380342,
	3.392728,
	3.404745,
	3.416388,
	3.427654,
	3.438536,
	3.449033,
	3.459138,
	3.468848,
	3.478160,
	3.487068,
	3.495570,
	3.503661,
	3.511337,
	3.518596,
	3.525432,
	3.531843,
	3.537825,
	3.543375,
	3.548489,
	3.553164,
	3.557397,
	3.561185,
	3.564525,
	3.567414,
	3.569849,
	3.571827,
	3.573346,
	3.574403,
	3.574995,
	3.575121,
	3.574778,
	3.573963,
	3.572675,
	3.570911,
	3.568670,
	3.565950,
	3.562748,
	3.559063,
	3.554895,
	3.550240,
	3.545098,
	3.539468,
	3.533348,
	3.526738,
	3.519636,
	3.512041,
	3.503953,
	3.495370,
	3.486294,
	3.476722,
	3.466655,
	3.456092,
	3.445033,
	3.433478,
	3.421428,
	3.408882,
	3.395840,
	3.382303,
	3.368272,
	3.353747,
	3.338729,
	3.323218,
	3.307215,
	3.290722,
	3.273739,
	3.256269,
	3.238311,
	3.219868,
	3.200941,
	3.181532,
	3.161642,
	3.141274,
	3.120429,
	3.099110,
	3.077318,
	3.055057,
	3.032328,
	3.009133,
	2.985477,
	2.961361,
	2.936788,
	2.911762,
	2.886284,
	2.860359,
	2.833990,
	2.807179,
	2.779932,
	2.752250,
	2.724138,
	2.695600,
	2.666639,
	2.637260,
	2.607467,
	2.577263,
	2.546654,
	2.515643,
	2.484235,
	2.452434,
	2.420246,
	2.387675,
	2.354727,
	2.321405,
	2.287715,
	2.253663,
	2.219253,
	2.184491,
	2.149382,
	2.113933,
	2.078147,
	2.042032,
	2.005593,
	1.968836,
	1.931767,
	1.894392,
	1.856717,
	1.818748,
	1.780492,
	1.741955,
	1.703143,
	1.664064,
	1.624723,
	1.585127,
	1.545283,
	1.505198,
	1.464878,
	1.424332,
	1.383565,
	1.342584,
	1.301398,
	1.260013,
	1.218436,
	1.176675,
	1.134737,
	1.092630,
	1.050361,
	1.007937,
	0.965367,
	0.922657,
	0.879816,
	0.836852,
	0.793771,
	0.750582,
	0.707293,
	0.663912,
	0.620446,
	0.576904,
	0.533294,
	0.489623,
	0.445900,
	0.402132,
	0.358329,
	0.314498,
	0.270646,
	0.226784,
	0.182917,
	0.139056,
	0.095208,
	0.051381,
	0.007583,
	-0.036176,
	-0.079890,
	-0.123549,
	-0.167146,
	-0.210671,
	-0.254118,
	-0.297477,
	-0.340741,
	-0.383900,
	-0.426948,
	-0.469875,
	-0.512673,
	-0.555335,
	-0.597852,
	-0.640216,
	-0.682418,
	-0.724451,
	-0.766307,
	-0.807978,
	-0.849454,
	-0.890730,
	-0.931796,
	-0.972645,
	-1.013269,
	-1.053659,
	-1.093809,
	-1.133711,
	-1.173356,
	-1.212737,
	-1.251847,
	-1.290679,
	-1.329224,
	-1.367475,
	-1.405424,
	-1.443066,
	-1.480392,
	-1.517395,
	-1.554068,
	-1.590404,
	-1.626396,
	-1.662038,
	-1.697322,
	-1.732242,
	-1.766790,
	-1.800962,
	-1.834750,
	-1.868147,
	-1.901148,
	-1.933746,
	-1.965935,
	-1.997709,
	-2.029062,
	-2.059989,
	-2.090483,
	-2.120539,
	-2.150152,
	-2.179315,
	-2.208025,
	-2.236275,
	-2.264060,
	-2.291376,
	-2.318217,
	-2.344579,
	-2.370457,
	-2.395846,
	-2.420743,
	-2.445143,
	-2.469041,
	-2.492434,
	-2.515317,
	-2.537688,
	-2.559541,
	-2.580874,
	-2.601684,
	-2.621966,
	-2.641718,
	-2.660936,
	-2.679619,
	-2.697762,
	-2.715364,
	-2.732421,
	-2.748932,
	-2.764894,
	-2.780306,
	-2.795165,
	-2.809469,
	-2.823217,
	-2.836407,
	-2.849037,
	-2.861108,
	-2.872617,
	-2.883563,
	-2.893946,
	-2.903765,
	-2.913020,
	-2.921710,
	-2.929835,
	-2.937394,
	-2.944389,
	-2.950819,
	-2.956684,
	-2.961985,
	-2.966723,
	-2.970898,
	-2.974511,
	-2.977564,
	-2.980058,
	-2.981994,
	-2.983373,
	-2.984198,
	-2.984470,
	-2.984191,
	-2.983364,
	-2.981989,
	-2.980071,
	-2.977612,
	-2.974613,
	-2.971079,
	-2.967012,
	-2.962415,
	-2.957292,
	-2.951645,
	-2.945479,
	-2.938797,
	-2.931603,
	-2.923902,
	-2.915696,
	-2.906991,
	-2.897790,
	-2.888099,
	-2.877921,
	-2.867263,
	-2.856128,
	-2.844522,
	-2.832449,
	-2.819916,
	-2.806928,
	-2.793489,
	-2.779607,
	-2.765286,
	-2.750533,
	-2.735353,
	-2.719753,
	-2.703739,
	-2.687317,
	-2.670495,
	-2.653278,
	-2.635673,
	-2.617687,
	-2.599327,
	-2.580600,
	-2.561513,
	-2.542074,
	-2.522289,
	-2.502166,
	-2.481713,
	-2.460936,
	-2.439845,
	-2.418446,
	-2.396748,
	-2.374758,
	-2.352485,
	-2.329936,
	-2.307120,
	-2.284044,
	-2.260718,
	-2.237150,
	-2.213347,
	-2.189319,
	-2.165074,
	-2.140621,
	-2.115968,
	-2.091124,
	-2.066098,
	-2.040898,
	-2.015534,
	-1.990015,
	-1.964349,
	-1.938545,
	-1.912613,
	-1.886561,
	-1.860398,
	-1.834134,
	-1.807778,
	-1.781338,
	-1.754824,
	-1.728246,
	-1.701611,
	-1.674931,
	-1.648212,
	-1.621466,
	-1.594701,
	-1.567925,
	-1.541149,
	-1.514382,
	-1.487632,
	-1.460909,
	-1.434222,
	-1.407580,
	-1.380992,
	-1.354467,
	-1.328014,
	-1.301643,
	-1.275361,
	-1.249178,
	-1.223103,
	-1.197145,
	-1.171312,
	-1.145613,
	-1.120056,
	-1.094651,
	-1.069406,
	-1.044329,
	-1.019429,
	-0.994714,
	-0.970193,
	-0.945873,
	-0.921763,
	-0.897870,
	-0.874203,
	-0.850770,
	-0.827578,
	-0.804635,
	-0.781949,
	-0.759527,
	-0.737376,
	-0.715504,
	-0.693919,
	-0.672626,
	-0.651634,
	-0.630949,
	-0.610578,
	-0.590527,
	-0.570803,
	-0.551412,
	-0.532362,
	-0.513657,
	-0.495304,
	-0.477308,
	-0.459677,
	-0.442414,
	-0.425526,
	-0.409018,
	-0.392896,
	-0.377164,
	-0.361827,
	-0.346890,
	-0.332358,
	-0.318236,
	-0.304527,
	-0.291235,
	-0.278366,
	-0.265922,
	-0.253907,
	-0.242326,
	-0.231181,
	-0.220475,
	-0.210213,
	-0.200395,
	-0.191027,
	-0.182109,
	-0.173644,
	-0.165635,
	-0.158084,
	-0.150992,
	-0.144362,
	-0.138194,
	-0.132491,
	-0.127253,
	-0.122482,
	-0.118178,
	-0.114342,
	-0.110975,
	-0.108076,
	-0.105646,
	-0.103686,
	-0.102194,
	-0.101171,
	-0.100616,
	-0.100527,
	-0.100905,
	-0.101749,
	-0.103056,
	-0.104825,
	-0.107055,
	-0.109745,
	-0.112891,
	-0.116492,
	-0.120546,
	-0.125050,
	-0.130001,
	-0.135397,
	-0.141235,
	-0.147511,
	-0.154222,
	-0.161364,
	-0.168934,
	-0.176928,
	-0.185342,
	-0.194172,
	-0.203413,
	-0.213061,
	-0.223111,
	-0.233559,
	-0.244399,
	-0.255626,
	-0.267235,
	-0.279220,
	-0.291576,
	-0.304298,
	-0.317378,
	-0.330812,
	-0.344593,
	-0.358714,
	-0.373170,
	-0.387953,
	-0.403057,
	-0.418475,
	-0.434200,
	-0.450225,
	-0.466543,
	-0.483146,
	-0.500027,
	-0.517178,
	-0.534592,
	-0.552260,
	-0.570175,
	-0.588329,
	-0.606714,
	-0.625321,
	-0.644142,
	-0.663169,
	-0.682393,
	-0.701806,
	-0.721398,
	-0.741162,
	-0.761088,
	-0.781167,
	-0.801391,
	-0.821751,
	-0.842237,
	-0.862840,
	-0.883551,
	-0.904360,
	-0.925259,
	-0.946238,
	-0.967288,
	-0.988399,
	-1.009562,
	-1.030766,
	-1.052004,
	-1.073264,
	-1.094538,
	-1.115816,
	-1.137089,
	-1.158346,
	-1.179578,
	-1.200776,
	-1.221929,
	-1.243029,
	-1.264065,
	-1.285029,
	-1.305910,
	-1.326699,
	-1.347387,
	-1.367963,
	-1.388419,
	-1.408745,
	-1.428932,
	-1.448970,
	-1.468850,
	-1.488564,
	-1.508100,
	-1.527452,
	-1.546609,
	-1.565562,
	-1.584304,
	-1.602824,
	-1.621114,
	-1.639165,
	-1.656970,
	-1.674519,
	-1.691803,
	-1.708815,
	-1.725547,
	-1.741990,
	-1.758136,
	-1.773978,
	-1.789507,
	-1.804716,
	-1.819598,
	-1.834145,
	-1.848349,
	-1.862205,
	-1.875703,
	-1.888839,
	-1.901605,
	-1.913994,
	-1.926000,
	-1.937616,
	-1.948838,
	-1.959657,
	-1.970070,
	-1.980069,
	-1.989650,
	-1.998807,
	-2.007535,
	-2.015829,
	-2.023684,
	-2.031095,
	-2.038059,
	-2.044570,
	-2.050625,
	-2.056219,
	-2.061349,
	-2.066011,
	-2.070202,
	-2.073919,
	-2.077158,
	-2.079917,
	-2.082194,
	-2.083985,
	-2.085289,
	-2.086104,
	-2.086427,
	-2.086257,
	-2.085593,
	-2.084434,
	-2.082778,
	-2.080625,
	-2.077974,
	-2.074825,
	-2.071177,
	-2.067031,
	-2.062387,
	-2.057245,
	-2.051606,
	-2.045470,
	-2.038840,
	-2.031715,
	-2.024098,
	-2.015991,
	-2.007395,
	-1.998312,
	-1.988744,
	-1.978695,
	-1.968167,
	-1.957162,
	-1.945684,
	-1.933737,
	-1.921323,
	-1.908447,
	-1.895112,
	-1.881323,
	-1.867084,
	-1.852400,
	-1.837274,
	-1.821713,
	-1.805721,
	-1.789303,
	-1.772466,
	-1.755213,
	-1.737553,
	-1.719490,
	-1.701030,
	-1.682181,
	-1.662948,
	-1.643338,
	-1.623359,
	-1.603017,
	-1.582319,
	-1.561273,
	-1.539886,
	-1.518167,
	-1.496122,
	-1.473760,
	-1.451089,
	-1.428117,
	-1.404852,
	-1.381304,
	-1.357480,
	-1.333390,
	-1.309043,
	-1.284447,
	-1.259611,
	-1.234545,
	-1.209258,
	-1.183760,
	-1.158061,
	-1.132169,
	-1.106094,
	-1.079848,
	-1.053438,
	-1.026876,
	-1.000171,
	-0.973334,
	-0.946375,
	-0.919303,
	-0.892131,
	-0.864866,
	-0.837521,
	-0.810106,
	-0.782631,
	-0.755106,
	-0.727543,
	-0.699951,
	-0.672342,
	-0.644727,
	-0.617114,
	-0.589517,
	-0.561944,
	-0.534407,
	-0.506916,
	-0.479482,
	-0.452116,
	-0.424828,
	-0.397628,
	-0.370528,
	-0.343537,
	-0.316667,
	-0.289927,
	-0.263327,
	-0.236879,
	-0.210593,
	-0.184477,
	-0.158544,
	-0.132802,
	-0.107261,
	-0.081932,
	-0.056824,
	-0.031947,
	-0.007310,
	0.017077,
	0.041205,
	0.065064,
	0.088646,
	0.111941,
	0.134941,
	0.157637,
	0.180020,
	0.202081,
	0.223813,
	0.245208,
	0.266256,
	0.286951,
	0.307284,
	0.327248,
	0.346836,
	0.366040,
	0.384854,
	0.403270,
	0.421281,
	0.438882,
	0.456066,
	0.472826,
	0.489157,
	0.505054,
	0.520509,
	0.535519,
	0.550078,
	0.564180,
	0.577822,
	0.590999,
	0.603706,
	0.615939,
	0.627695,
	0.638970,
	0.649760,
	0.660063,
	0.669874,
	0.679192,
	0.688014,
	0.696338,
	0.704161,
	0.711482,
	0.718300,
	0.724612,
	0.730418,
	0.735717,
	0.740508,
	0.744791,
	0.748566,
	0.751833,
	0.754592,
	0.756844,
	0.758589,
	0.759829,
	0.760564,
	0.760798,
	0.760530,
	0.759764,
	0.758502,
	0.756745,
	0.754497,
	0.751761,
	0.748540,
	0.744837,
	0.740656,
	0.736001,
	0.730877,
	0.725286,
	0.719235,
	0.712728,
	0.705769,
	0.698365,
	0.690520,
	0.682240,
	0.673532,
	0.664400,
	0.654853,
	0.644895,
	0.634534,
	0.623777,
	0.612631,
	0.601103,
	0.589200,
	0.576931,
	0.564302,
	0.551323,
	0.538001,
	0.524345,
	0.510363,
	0.496064,
	0.481457,
	0.466550,
	0.451354,
	0.435876,
	0.420128,
	0.404117,
	0.387855,
	0.371350,
	0.354613,
	0.337653,
	0.320482,
	0.303109,
	0.285544,
	0.267799,
	0.249883,
	0.231808,
	0.213583,
	0.195221,
	0.176731,
	0.158124,
	0.139413,
	0.120607,
	0.101717,
	0.082756,
	0.063734,
	0.044662,
	0.025551,
	0.006414,
	-0.012740,
	-0.031898,
	-0.051050,
	-0.070185,
	-0.089290,
	-0.108355,
	-0.127368,
	-0.146319,
	-0.165196,
	-0.183989,
	-0.202685,
	-0.221275,
	-0.239746,
	-0.258089,
	-0.276292,
	-0.294345,
	-0.312238,
	-0.329958,
	-0.347497,
	-0.364843,
	-0.381987,
	-0.398918,
	-0.415626,
	-0.432101,
	-0.448334,
	-0.464314,
	-0.480033,
	-0.495480,
	-0.510647,
	-0.525524,
	-0.540103,
	-0.554375,
	-0.568331,
	-0.581962,
	-0.595261,
	-0.608219,
	-0.620829,
	-0.633082,
	-0.644971,
	-0.656490,
	-0.667630,
	-0.678384,
	-0.688747,
	-0.698712,
	-0.708272,
	-0.717421,
	-0.726154,
	-0.734464,
	-0.742347,
	-0.749798,
	-0.756811,
	-0.763382,
	-0.769506,
	-0.775180,
	-0.780399,
	-0.785160,
	-0.789459,
	-0.793294,
	-0.796660,
	-0.799556,
	-0.801980,
	-0.803929,
	-0.805401,
	-0.806395,
	-0.806909,
	-0.806943,
	-0.806496,
	-0.805567,
	-0.804155,
	-0.802262,
	-0.799887,
	-0.797031,
	-0.793695,
	-0.789879,
	-0.785586,
	-0.780817,
	-0.775574,
	-0.769859,
	-0.763674,
	-0.757023,
	-0.749908,
	-0.742333,
	-0.734301,
	-0.725817,
	-0.716883,
	-0.707505,
	-0.697686,
	-0.687433,
	-0.676749,
	-0.665641,
	-0.654113,
	-0.642172,
	-0.629824,
	-0.617075,
	-0.603931,
	-0.590400,
	-0.576488,
	-0.562203,
	-0.547551,
	-0.532542,
	-0.517182,
	-0.501479,
	-0.485442,
	-0.469080,
	-0.452400,
	-0.435413,
	-0.418126,
	-0.400549,
	-0.382692,
	-0.364565,
	-0.346175,
	-0.327535,
	-0.308654,
	-0.289541,
	-0.270208,
	-0.250664,
	-0.230921,
	-0.210989,
	-0.190879,
	-0.170602,
	-0.150169,
	-0.129591,
	-0.108880,
	-0.088046,
	-0.067101,
	-0.046058,
	-0.024926,
	-0.003719,
	0.017553,
	0.038878,
	0.060243,
	0.081638,
	0.103049,
	0.124466,
	0.145877,
	0.167269,
	0.188630,
	0.209950,
	0.231215,
	0.252414,
	0.273536,
	0.294568,
	0.315499,
	0.336317,
	0.357010,
	0.377568,
	0.397977,
	0.418227,
	0.438307,
	0.458205,
	0.477911,
	0.497412,
	0.516698,
	0.535759,
	0.554583,
	0.573160,
	0.591480,
	0.609531,
	0.627305,
	0.644791,
	0.661979,
	0.678860,
	0.695424,
	0.711661,
	0.727563,
	0.743121,
	0.758325,
	0.773168,
	0.787641,
	0.801735,
	0.815444,
	0.828758,
	0.841672,
	0.854177,
	0.866267,
	0.877934,
	0.889173,
	0.899976,
	0.910339,
	0.920255,
	0.929719,
	0.938725,
	0.947269,
	0.955346,
	0.962951,
	0.970081,
	0.976731,
	0.982899,
	0.988580,
	0.993771,
	0.998471,
	1.002676,
	1.006385,
	1.009596,
	1.012306,
	1.014516,
	1.016224,
	1.017429,
	1.018131,
	1.018331,
	1.018027,
	1.017222,
	1.015916,
	1.014110,
	1.011805,
	1.009004,
	1.005709,
	1.001921,
	0.997644,
	0.992881,
	0.987635,
	0.981909,
	0.975708,
	0.969035,
	0.961896,
	0.954295,
	0.946236,
	0.937726,
	0.928770,
	0.919373,
	0.909543,
	0.899284,
	0.888605,
	0.877512,
	0.866012,
	0.854112,
	0.841821,
	0.829147,
	0.816096,
	0.802679,
	0.788903,
	0.774778,
	0.760312,
	0.745515,
	0.730396,
	0.714966,
	0.699233,
	0.683208,
	0.666902,
	0.650325,
	0.633487,
	0.616399,
	0.599073,
	0.581519,
	0.563749,
	0.545774,
	0.527605,
	0.509254,
	0.490733,
	0.472055,
	0.453230,
	0.434270,
	0.415189,
	0.395998,
	0.376710,
	0.357337,
	0.337891,
	0.318384,
	0.298830,
	0.279241,
	0.259630,
	0.240008,
	0.220389,
	0.200786,
	0.181210,
	0.161674,
	0.142191,
	0.122774,
	0.103435,
	0.084185,
	0.065039,
	0.046007,
	0.027102,
	0.008337,
	-0.010277,
	-0.028728,
	-0.047004,
	-0.065093,
	-0.082984,
	-0.100665,
	-0.118124,
	-0.135351,
	-0.152335,
	-0.169064,
	-0.185529,
	-0.201717,
	-0.217620,
	-0.233226,
	-0.248527,
	-0.263511,
	-0.278170,
	-0.292494,
	-0.306474,
	-0.320102,
	-0.333367,
	-0.346263,
	-0.358780,
	-0.370912,
	-0.382649,
	-0.393985,
	-0.404913,
	-0.415425,
	-0.425516,
	-0.435178,
	-0.444406,
	-0.453194,
	-0.461537,
	-0.469429,
	-0.476865,
	-0.483841,
	-0.490353,
	-0.496397,
	-0.501969,
	-0.507066,
	-0.511685,
	-0.515823,
	-0.519478,
	-0.522648,
	-0.525331,
	-0.527527,
	-0.529233,
	-0.530449,
	-0.531176,
	-0.531412,
	-0.531159,
	-0.530417,
	-0.529186,
	-0.527469,
	-0.525267,
	-0.522581,
	-0.519415,
	-0.515771,
	-0.511652,
	-0.507061,
	-0.502002,
	-0.496479,
	-0.490496,
	-0.484058,
	-0.477170,
	-0.469836,
	-0.462063,
	-0.453857,
	-0.445223,
	-0.436167,
	-0.426698,
	-0.416821,
	-0.406545,
	-0.395876,
	-0.384822,
	-0.373393,
	-0.361595,
	-0.349438,
	-0.336931,
	-0.324083,
	-0.310903,
	-0.297402,
	-0.283588,
	-0.269472,
	-0.255064,
	-0.240375,
	-0.225416,
	-0.210197,
	-0.194730,
	-0.179026,
	-0.163096,
	-0.146952,
	-0.130606,
	-0.114070,
	-0.097355,
	-0.080475,
	-0.063440,
	-0.046265,
	-0.028960,
	-0.011540,
	0.005984,
	0.023598,
	0.041290,
	0.059046,
	0.076855,
	0.094702,
	0.112574,
	0.130459,
	0.148344,
	0.166215,
	0.184059,
	0.201863,
	0.219614,
	0.237299,
	0.254905,
	0.272420,
	0.289829,
	0.307121,
	0.324282,
	0.341300,
	0.358163,
	0.374857,
	0.391371,
	0.407693,
	0.423809,
	0.439709,
	0.455381,
	0.470812,
	0.485992,
	0.500909,
	0.515553,
	0.529911,
	0.543974,
	0.557730,
	0.571170,
	0.584284,
	0.597062,
	0.609494,
	0.621570,
	0.633283,
	0.644622,
	0.655580,
	0.666147,
	0.676317,
	0.686081,
	0.695432,
	0.704362,
	0.712866,
	0.720936,
	0.728566,
	0.735751,
	0.742484,
	0.748761,
	0.754576,
	0.759926,
	0.764805,
	0.769211,
	0.773138,
	0.776585,
	0.779549,
	0.782026,
	0.784015,
	0.785514,
	0.786522,
	0.787037,
	0.787059,
	0.786588,
	0.785623,
	0.784166,
	0.782216,
	0.779776,
	0.776846,
	0.773428,
	0.769525,
	0.765139,
	0.760274,
	0.754932,
	0.749118,
	0.742834,
	0.736087,
	0.728879,
	0.721218,
	0.713107,
	0.704553,
	0.695561,
	0.686139,
	0.676293,
	0.666030,
	0.655358,
	0.644283,
	0.632815,
	0.620961,
	0.608730,
	0.596132,
	0.583174,
	0.569867,
	0.556220,
	0.542244,
	0.527948,
	0.513344,
	0.498440,
	0.483250,
	0.467784,
	0.452052,
	0.436068,
	0.419842,
	0.403387,
	0.386714,
	0.369837,
	0.352767,
	0.335518,
	0.318101,
	0.300530,
	0.282819,
	0.264979,
	0.247025,
	0.228969,
	0.210826,
	0.192608,
	0.174330,
	0.156004,
	0.137645,
	0.119266,
	0.100881,
	0.082504,
	0.064148,
	0.045827,
	0.027555,
	0.009345,
	-0.008788,
	-0.026832,
	-0.044773,
	-0.062597,
	-0.080292,
	-0.097843,
	-0.115238,
	-0.132464,
	-0.149508,
	-0.166356,
	-0.182997,
	-0.199418,
	-0.215607,
	-0.231552,
	-0.247240,
	-0.262660,
	-0.277800,
	-0.292650,
	-0.307198,
	-0.321433,
	-0.335344,
	-0.348922,
	-0.362155,
	-0.375035,
	-0.387552,
	-0.399696,
	-0.411459,
	-0.422832,
	-0.433805,
	-0.444373,
	-0.454525,
	-0.464256,
	-0.473558,
	-0.482424,
	-0.490848,
	-0.498824,
	-0.506346,
	-0.513408,
	-0.520007,
	-0.526136,
	-0.531792,
	-0.536972,
	-0.541670,
	-0.545885,
	-0.549614,
	-0.552854,
	-0.555603,
	-0.557860,
	-0.559623,
	-0.560893,
	-0.561667,
	-0.561947,
	-0.561733,
	-0.561026,
	-0.559826,
	-0.558136,
	-0.555958,
	-0.553293,
	-0.550145,
	-0.546517,
	-0.542412,
	-0.537835,
	-0.532789,
	-0.527280,
	-0.521312,
	-0.514891,
	-0.508023,
	-0.500714,
	-0.492970,
	-0.484799,
	-0.476208,
	-0.467204,
	-0.457795,
	-0.447990,
	-0.437797,
	-0.427226,
	-0.416284,
	-0.404983,
	-0.393331,
	-0.381339,
	-0.369017,
	-0.356376,
	-0.343427,
	-0.330181,
	-0.316650,
	-0.302845,
	-0.288778,
	-0.274461,
	-0.259907,
	-0.245128,
	-0.230137,
	-0.214947,
	-0.199571,
	-0.184022,
	-0.168313,
	-0.152458,
	-0.136471,
	-0.120366,
	-0.104155,
	-0.087854,
	-0.071476,
	-0.055036,
	-0.038547,
	-0.022023,
	-0.005480,
	0.011070,
	0.027611,
	0.044129,
	0.060611,
	0.077041,
	0.093406,
	0.109692,
	0.125884,
	0.141969,
	0.157933,
	0.173762,
	0.189442,
	0.204960,
	0.220302,
	0.235455,
	0.250406,
	0.265141,
	0.279649,
	0.293917,
	0.307932,
	0.321682,
	0.335155,
	0.348339,
	0.361223,
	0.373797,
	0.386047,
	0.397965,
	0.409540,
	0.420761,
	0.431619,
	0.442104,
	0.452207,
	0.461919,
	0.471232,
	0.480138,
	0.488628,
	0.496695,
	0.504333,
	0.511533,
	0.518291,
	0.524600,
	0.530454,
	0.535848,
	0.540777,
	0.545238,
	0.549225,
	0.552735,
	0.555766,
	0.558313,
	0.560376,
	0.561952,
	0.563039,
	0.563636,
	0.563744,
	0.563360,
	0.562487,
	0.561123,
	0.559271,
	0.556932,
	0.554107,
	0.550800,
	0.547012,
	0.542747,
	0.538009,
	0.532801,
	0.527128,
	0.520995,
	0.514407,
	0.507370,
	0.499890,
	0.491972,
	0.483625,
	0.474855,
	0.465669,
	0.456076,
	0.446085,
	0.435702,
	0.424939,
	0.413804,
	0.402306,
	0.390456,
	0.378264,
	0.365741,
	0.352898,
	0.339745,
	0.326295,
	0.312559,
	0.298549,
	0.284278,
	0.269758,
	0.255001,
	0.240022,
	0.224832,
	0.209445,
	0.193875,
	0.178136,
	0.162241,
	0.146205,
	0.130041,
	0.113764,
	0.097389,
	0.080929,
	0.064399,
	0.047815,
	0.031190,
	0.014539,
	-0.002123,
	-0.018781,
	-0.035420,
	-0.052026,
	-0.068583,
	-0.085078,
	-0.101495,
	-0.117820,
	-0.134039,
	-0.150136,
	-0.166098,
	-0.181911,
	-0.197560,
	-0.213031,
	-0.228311,
	-0.243386,
	-0.258242,
	-0.272867,
	-0.287247,
	-0.301370,
	-0.315222,
	-0.328792,
	-0.342068,
	-0.355037,
	-0.367688,
	-0.380010,
	-0.391992,
	-0.403623,
	-0.414893,
	-0.425791,
	-0.436309,
	-0.446436,
	-0.456164,
	-0.465484,
	-0.474387,
	-0.482867,
	-0.490915,
	-0.498525,
	-0.505689,
	-0.512402,
	-0.518657,
	-0.524449,
	-0.529773,
	-0.534624,
	-0.538999,
	-0.542893,
	-0.546303,
	-0.549226,
	-0.551661,
	-0.553604,
	-0.555055,
	-0.556013,
	-0.556476,
	-0.556445,
	-0.555921,
	-0.554903,
	-0.553393,
	-0.551394,
	-0.548906,
	-0.545933,
	-0.542479,
	-0.538545,
	-0.534137,
	-0.529258,
	-0.523915,
	-0.518111,
	-0.511853,
	-0.505147,
	-0.497999,
	-0.490417,
	-0.482408,
	-0.473979,
	-0.465140,
	-0.455898,
	-0.446262,
	-0.436243,
	-0.425849,
	-0.415091,
	-0.403979,
	-0.392524,
	-0.380737,
	-0.368629,
	-0.356213,
	-0.343500,
	-0.330502,
	-0.317233,
	-0.303704,
	-0.289929,
	-0.275922,
	-0.261695,
	-0.247263,
	-0.232640,
	-0.217840,
	-0.202876,
	-0.187764,
	-0.172518,
	-0.157153,
	-0.141684,
	-0.126125,
	-0.110492,
	-0.094801,
	-0.079065,
	-0.063301,
	-0.047523,
	-0.031747,
	-0.015989,
	-0.000263,
	0.015415,
	0.031030,
	0.046567,
	0.062011,
	0.077347,
	0.092559,
	0.107634,
	0.122556,
	0.137311,
	0.151885,
	0.166263,
	0.180432,
	0.194377,
	0.208086,
	0.221545,
	0.234740,
	0.247659,
	0.260289,
	0.272619,
	0.284635,
	0.296327,
	0.307682,
	0.318691,
	0.329342,
	0.339624,
	0.349528,
	0.359045,
	0.368164,
	0.376877,
	0.385176,
	0.393052,
	0.400498,
	0.407506,
	0.414070,
	0.420184,
	0.425841,
	0.431037,
	0.435765,
	0.440021,
	0.443802,
	0.447104,
	0.449924,
	0.452258,
	0.454105,
	0.455464,
	0.456332,
	0.456709,
	0.456596,
	0.455991,
	0.454897,
	0.453314,
	0.451244,
	0.448689,
	0.445652,
	0.442136,
	0.438145,
	0.433683,
	0.428754,
	0.423364,
	0.417519,
	0.411223,
	0.404485,
	0.397310,
	0.389706,
	0.381680,
	0.373242,
	0.364400,
	0.355162,
	0.345539,
	0.335540,
	0.325175,
	0.314455,
	0.303391,
	0.291994,
	0.280277,
	0.268250,
	0.255927,
	0.243319,
	0.230440,
	0.217304,
	0.203923,
	0.190311,
	0.176482,
	0.162451,
	0.148232,
	0.133839,
	0.119287,
	0.104591,
	0.089767,
	0.074829,
	0.059793,
	0.044674,
	0.029488,
	0.014251,
	-0.001022,
	-0.016315,
	-0.031613,
	-0.046899,
	-0.062158,
	-0.077374,
	-0.092531,
	-0.107614,
	-0.122607,
	-0.137494,
	-0.152261,
	-0.166892,
	-0.181371,
	-0.195684,
	-0.209817,
	-0.223753,
	-0.237480,
	-0.250982,
	-0.264246,
	-0.277258,
	-0.290004,
	-0.302472,
	-0.314648,
	-0.326520,
	-0.338074,
	-0.349301,
	-0.360186,
	-0.370721,
	-0.380892,
	-0.390690,
	-0.400105,
	-0.409127,
	-0.417746,
	-0.425954,
	-0.433741,
	-0.441101,
	-0.448024,
	-0.454504,
	-0.460535,
	-0.466109,
	-0.471222,
	-0.475867,
	-0.480041,
	-0.483738,
	-0.486955,
	-0.489689,
	-0.491936,
	-0.493694,
	-0.494963,
	-0.495739,
	-0.496024,
	-0.495815,
	-0.495115,
	-0.493923,
	-0.492240,
	-0.490070,
	-0.487413,
	-0.484274,
	-0.480655,
	-0.476560,
	-0.471994,
	-0.466962,
	-0.461468,
	-0.455520,
	-0.449123,
	-0.442284,
	-0.435012,
	-0.427312,
	-0.419194,
	-0.410667,
	-0.401740,
	-0.392422,
	-0.382723,
	-0.372654,
	-0.362225,
	-0.351449,
	-0.340336,
	-0.328898,
	-0.317148,
	-0.305099,
	-0.292762,
	-0.280153,
	-0.267284,
	-0.254169,
	-0.240823,
	-0.227259,
	-0.213493,
	-0.199539,
	-0.185412,
	-0.171128,
	-0.156702,
	-0.142150,
	-0.127487,
	-0.112730,
	-0.097894,
	-0.082996,
	-0.068050,
	-0.053075,
	-0.038086,
	-0.023099,
	-0.008130,
	0.006804,
	0.021687,
	0.036503,
	0.051236,
	0.065870,
	0.080388,
	0.094776,
	0.109017,
	0.123097,
	0.136999,
	0.150709,
	0.164211,
	0.177491,
	0.190535,
	0.203329,
	0.215858,
	0.228109,
	0.240068,
	0.251723,
	0.263060,
	0.274069,
	0.284735,
	0.295049,
	0.304999,
	0.314573,
	0.323762,
	0.332556,
	0.340945,
	0.348920,
	0.356472,
	0.363593,
	0.370276,
	0.376513,
	0.382298,
	0.387625,
	0.392487,
	0.396880,
	0.400799,
	0.404239,
	0.407198,
	0.409672,
	0.411659,
	0.413157,
	0.414164,
	0.414680,
	0.414703,
	0.414236,
	0.413277,
	0.411829,
	0.409894,
	0.407473,
	0.404571,
	0.401190,
	0.397334,
	0.393009,
	0.388219,
	0.382971,
	0.377269,
	0.371122,
	0.364535,
	0.357518,
	0.350077,
	0.342223,
	0.333963,
	0.325308,
	0.316268,
	0.306853,
	0.297074,
	0.286942,
	0.276470,
	0.265670,
	0.254553,
	0.243134,
	0.231424,
	0.219438,
	0.207191,
	0.194694,
	0.181965,
	0.169016,
	0.155864,
	0.142524,
	0.129010,
	0.115339,
	0.101527,
	0.087589,
	0.073542,
	0.059402,
	0.045186,
	0.030909,
	0.016590,
	0.002244,
	-0.012112,
	-0.026461,
	-0.040787,
	-0.055073,
	-0.069302,
	-0.083457,
	-0.097523,
	-0.111482,
	-0.125319,
	-0.139016,
	-0.152560,
	-0.165932,
	-0.179119,
	-0.192104,
	-0.204872,
	-0.217409,
	-0.229699,
	-0.241728,
	-0.253483,
	-0.264949,
	-0.276113,
	-0.286962,
	-0.297484,
	-0.307665,
	-0.317494,
	-0.326959,
	-0.336050,
	-0.344755,
	-0.353065,
	-0.360969,
	-0.368458,
	-0.375524,
	-0.382159,
	-0.388353,
	-0.394101,
	-0.399395,
	-0.404229,
	-0.408598,
	-0.412496,
	-0.415918,
	-0.418862,
	-0.421322,
	-0.423297,
	-0.424784,
	-0.425780,
	-0.426287,
	-0.426301,
	-0.425824,
	-0.424856,
	-0.423399,
	-0.421454,
	-0.419022,
	-0.416109,
	-0.412716,
	-0.408848,
	-0.404509,
	-0.399705,
	-0.394441,
	-0.388725,
	-0.382561,
	-0.375959,
	-0.368926,
	-0.361470,
	-0.353600,
	-0.345326,
	-0.336657,
	-0.327604,
	-0.318179,
	-0.308391,
	-0.298253,
	-0.287778,
	-0.276977,
	-0.265864,
	-0.254452,
	-0.242755,
	-0.230786,
	-0.218561,
	-0.206094,
	-0.193400,
	-0.180494,
	-0.167392,
	-0.154109,
	-0.140663,
	-0.127068,
	-0.113342,
	-0.099500,
	-0.085561,
	-0.071539,
	-0.057454,
	-0.043320,
	-0.029156,
	-0.014979,
	-0.000806,
	0.013346,
	0.027460,
	0.041518,
	0.055505,
	0.069402,
	0.083193,
	0.096861,
	0.110389,
	0.123762,
	0.136963,
	0.149975,
	0.162784,
	0.175373,
	0.187727,
	0.199832,
	0.211672,
	0.223233,
	0.234502,
	0.245463,
	0.256105,
	0.266415,
	0.276378,
	0.285985,
	0.295222,
	0.304079,
	0.312545,
	0.320610,
	0.328264,
	0.335497,
	0.342302,
	0.348669,
	0.354592,
	0.360062,
	0.365074,
	0.369621,
	0.373698,
	0.377300,
	0.380424,
	0.383064,
	0.385219,
	0.386885,
	0.388062,
	0.388747,
	0.388940,
	0.388642,
	0.387852,
	0.386572,
	0.384804,
	0.382550,
	0.379814,
	0.376598,
	0.372908,
	0.368748,
	0.364123,
	0.359040,
	0.353506,
	0.347527,
	0.341111,
	0.334266,
	0.327002,
	0.319328,
	0.311253,
	0.302789,
	0.293945,
	0.284734,
	0.275167,
	0.265256,
	0.255015,
	0.244456,
	0.233593,
	0.222440,
	0.211012,
	0.199322,
	0.187387,
	0.175220,
	0.162839,
	0.150259,
	0.137496,
	0.124566,
	0.111486,
	0.098273,
	0.084945,
	0.071517,
	0.058008,
	0.044434,
	0.030813,
	0.017164,
	0.003503,
	-0.010153,
	-0.023785,
	-0.037375,
	-0.050908,
	-0.064364,
	-0.077726,
	-0.090978,
	-0.104102,
	-0.117082,
	-0.129900,
	-0.142539,
	-0.154985,
	-0.167220,
	-0.179229,
	-0.190996,
	-0.202506,
	-0.213744,
	-0.224695,
	-0.235346,
	-0.245682,
	-0.255691,
	-0.265359,
	-0.274673,
	-0.283622,
	-0.292194,
	-0.300378,
	-0.308164,
	-0.315540,
	-0.322498,
	-0.329029,
	-0.335124,
	-0.340775,
	-0.345975,
	-0.350717,
	-0.354996,
	-0.358805,
	-0.362139,
	-0.364995,
	-0.367368,
	-0.369257,
	-0.370657,
	-0.371567,
	-0.371987,
	-0.371916,
	-0.371354,
	-0.370302,
	-0.368761,
	-0.366733,
	-0.364221,
	-0.361229,
	-0.357760,
	-0.353820,
	-0.349413,
	-0.344545,
	-0.339223,
	-0.333454,
	-0.327245,
	-0.320606,
	-0.313544,
	-0.306069,
	-0.298192,
	-0.289922,
	-0.281271,
	-0.272249,
	-0.262871,
	-0.253146,
	-0.243090,
	-0.232715,
	-0.222034,
	-0.211063,
	-0.199816,
	-0.188307,
	-0.176553,
	-0.164569,
	-0.152371,
	-0.139975,
	-0.127398,
	-0.114657,
	-0.101769,
	-0.088750,
	-0.075619,
	-0.062393,
	-0.049090,
	-0.035728,
	-0.022324,
	-0.008897,
	0.004536,
	0.017957,
	0.031346,
	0.044688,
	0.057962,
	0.071153,
	0.084241,
	0.097210,
	0.110042,
	0.122719,
	0.135225,
	0.147543,
	0.159656,
	0.171548,
	0.183203,
	0.194605,
	0.205739,
	0.216590,
	0.227143,
	0.237384,
	0.247299,
	0.256875,
	0.266099,
	0.274959,
	0.283442,
	0.291538,
	0.299234,
	0.306522,
	0.313391,
	0.319832,
	0.325836,
	0.331395,
	0.336502,
	0.341149,
	0.345332,
	0.349044,
	0.352280,
	0.355035,
	0.357308,
	0.359093,
	0.360390,
	0.361196,
	0.361511,
	0.361334,
	0.360665,
	0.359507,
	0.357860,
	0.355727,
	0.353111,
	0.350015,
	0.346446,
	0.342406,
	0.337903,
	0.332942,
	0.327531,
	0.321677,
	0.315388,
	0.308674,
	0.301544,
	0.294007,
	0.286075,
	0.277759,
	0.269070,
	0.260020,
	0.250623,
	0.240892,
	0.230839,
	0.220480,
	0.209829,
	0.198900,
	0.187710,
	0.176274,
	0.164608,
	0.152728,
	0.140651,
	0.128395,
	0.115976,
	0.103412,
	0.090720,
	0.077919,
	0.065027,
	0.052061,
	0.039040,
	0.025982,
	0.012907,
	-0.000169,
	-0.013226,
	-0.026247,
	-0.039212,
	-0.052103,
	-0.064902,
	-0.077591,
	-0.090153,
	-0.102568,
	-0.114821,
	-0.126893,
	-0.138768,
	-0.150428,
	-0.161857,
	-0.173039,
	-0.183959,
	-0.194600,
	-0.204948,
	-0.214987,
	-0.224705,
	-0.234086,
	-0.243119,
	-0.251789,
	-0.260084,
	-0.267994,
	-0.275507,
	-0.282611,
	-0.289298,
	-0.295557,
	-0.301380,
	-0.306758,
	-0.311684,
	-0.316152,
	-0.320154,
	-0.323685,
	-0.326740,
	-0.329315,
	-0.331406,
	-0.333011,
	-0.334127,
	-0.334753,
	-0.334887,
	-0.334531,
	-0.333684,
	-0.332348,
	-0.330525,
	-0.328217,
	-0.325429,
	-0.322164,
	-0.318427,
	-0.314224,
	-0.309561,
	-0.304445,
	-0.298883,
	-0.292883,
	-0.286455,
	-0.279607,
	-0.272351,
	-0.264695,
	-0.256653,
	-0.248235,
	-0.239454,
	-0.230322,
	-0.220854,
	-0.211063,
	-0.200963,
	-0.190569,
	-0.179897,
	-0.168962,
	-0.157780,
	-0.146368,
	-0.134742,
	-0.122920,
	-0.110918,
	-0.098755,
	-0.086448,
	-0.074015,
	-0.061475,
	-0.048847,
	-0.036148,
	-0.023397,
	-0.010614,
	0.002184,
	0.014976,
	0.027745,
	0.040471,
	0.053137,
	0.065722,
	0.078208,
	0.090578,
	0.102812,
	0.114894,
	0.126804,
	0.138525,
	0.150041,
	0.161333,
	0.172386,
	0.183183,
	0.193708,
	0.203945,
	0.213880,
	0.223497,
	0.232783,
	0.241723,
	0.250305,
	0.258515,
	0.266342,
	0.273775,
	0.280801,
	0.287410,
	0.293594,
	0.299342,
	0.304647,
	0.309500,
	0.313894,
	0.317823,
	0.321281,
	0.324263,
	0.326765,
	0.328782,
	0.330313,
	0.331354,
	0.331905,
	0.331964,
	0.331532,
	0.330610,
	0.329198,
	0.327300,
	0.324918,
	0.322055,
	0.318718,
	0.314909,
	0.310636,
	0.305905,
	0.300723,
	0.295097,
	0.289038,
	0.282554,
	0.275654,
	0.268350,
	0.260652,
	0.252573,
	0.244125,
	0.235320,
	0.226172,
	0.216695,
	0.206904,
	0.196814,
	0.186439,
	0.175796,
	0.164901,
	0.153771,
	0.142422,
	0.130873,
	0.119140,
	0.107243,
	0.095198,
	0.083024,
	0.070741,
	0.058367,
	0.045920,
	0.033420,
	0.020887,
	0.008338,
	-0.004205,
	-0.016725,
	-0.029202,
	-0.041617,
	-0.053950,
	-0.066184,
	-0.078298,
	-0.090275,
	-0.102095,
	-0.113742,
	-0.125197,
	-0.136441,
	-0.147459,
	-0.158233,
	-0.168746,
	-0.178983,
	-0.188927,
	-0.198564,
	-0.207877,
	-0.216854,
	-0.225481,
	-0.233743,
	-0.241628,
	-0.249125,
	-0.256221,
	-0.262906,
	-0.269170,
	-0.275002,
	-0.280394,
	-0.285338,
	-0.289826,
	-0.293851,
	-0.297407,
	-0.300489,
	-0.303092,
	-0.305212,
	-0.306845,
	-0.307991,
	-0.308646,
	-0.308810,
	-0.308483,
	-0.307665,
	-0.306358,
	-0.304565,
	-0.302288,
	-0.299530,
	-0.296297,
	-0.292594,
	-0.288426,
	-0.283801,
	-0.278725,
	-0.273207,
	-0.267255,
	-0.260880,
	-0.254092,
	-0.246900,
	-0.239317,
	-0.231356,
	-0.223027,
	-0.214346,
	-0.205326,
	-0.195980,
	-0.186325,
	-0.176375,
	-0.166147,
	-0.155656,
	-0.144920,
	-0.133956,
	-0.122780,
	-0.111412,
	-0.099869,
	-0.088169,
	-0.076332,
	-0.064376,
	-0.052321,
	-0.040185,
	-0.027988,
	-0.015750,
	-0.003490,
	0.008773,
	0.021017,
	0.033225,
	0.045376,
	0.057451,
	0.069430,
	0.081295,
	0.093025,
	0.104604,
	0.116011,
	0.127229,
	0.138239,
	0.149024,
	0.159567,
	0.169850,
	0.179857,
	0.189572,
	0.198980,
	0.208065,
	0.216812,
	0.225208,
	0.233239,
	0.240892,
	0.248155,
	0.255017,
	0.261465,
	0.267490,
	0.273082,
	0.278232,
	0.282932,
	0.287174,
	0.290951,
	0.294258,
	0.297089,
	0.299440,
	0.301307,
	0.302686,
	0.303577,
	0.303976,
	0.303885,
	0.303302,
	0.302230,
	0.300670,
	0.298625,
	0.296097,
	0.293092,
	0.289614,
	0.285669,
	0.281264,
	0.276406,
	0.271103,
	0.265363,
	0.259197,
	0.252614,
	0.245626,
	0.238244,
	0.230479,
	0.222346,
	0.213857,
	0.205026,
	0.195869,
	0.186400,
	0.176634,
	0.166589,
	0.156280,
	0.145725,
	0.134941,
	0.123946,
	0.112758,
	0.101396,
	0.089879,
	0.078225,
	0.066454,
	0.054586,
	0.042640,
	0.030636,
	0.018594,
	0.006534,
	-0.005525,
	-0.017561,
	-0.029555,
	-0.041488,
	-0.053339,
	-0.065088,
	-0.076717,
	-0.088205,
	-0.099534,
	-0.110685,
	-0.121639,
	-0.132378,
	-0.142884,
	-0.153140,
	-0.163128,
	-0.172833,
	-0.182237,
	-0.191325,
	-0.200082,
	-0.208494,
	-0.216546,
	-0.224225,
	-0.231519,
	-0.238414,
	-0.244900,
	-0.250966,
	-0.256602,
	-0.261798,
	-0.266545,
	-0.270837,
	-0.274666,
	-0.278025,
	-0.280909,
	-0.283313,
	-0.285234,
	-0.286668,
	-0.287612,
	-0.288067,
	-0.288030,
	-0.287502,
	-0.286484,
	-0.284979,
	-0.282988,
	-0.280515,
	-0.277565,
	-0.274143,
	-0.270254,
	-0.265906,
	-0.261106,
	-0.255862,
	-0.250184,
	-0.244080,
	-0.237563,
	-0.230642,
	-0.223331,
	-0.215641,
	-0.207585,
	-0.199179,
	-0.190435,
	-0.181370,
	-0.171998,
	-0.162337,
	-0.152402,
	-0.142211,
	-0.131782,
	-0.121131,
	-0.110279,
	-0.099243,
	-0.088042,
	-0.076696,
	-0.065224,
	-0.053647,
	-0.041983,
	-0.030254,
	-0.018480,
	-0.006680,
	0.005125,
	0.016913,
	0.028666,
	0.040363,
	0.051983,
	0.063506,
	0.074912,
	0.086183,
	0.097297,
	0.108236,
	0.118981,
	0.129514,
	0.139815,
	0.149868,
	0.159655,
	0.169158,
	0.178362,
	0.187250,
	0.195808,
	0.204019,
	0.211870,
	0.219348,
	0.226439,
	0.233131,
	0.239412,
	0.245272,
	0.250700,
	0.255687,
	0.260225,
	0.264305,
	0.267920,
	0.271065,
	0.273733,
	0.275921,
	0.277624,
	0.278839,
	0.279565,
	0.279800,
	0.279545,
	0.278798,
	0.277563,
	0.275841,
	0.273636,
	0.270951,
	0.267791,
	0.264161,
	0.260069,
	0.255522,
	0.250528,
	0.245095,
	0.239233,
	0.232954,
	0.226267,
	0.219185,
	0.211721,
	0.203888,
	0.195699,
	0.187170,
	0.178315,
	0.169151,
	0.159693,
	0.149958,
	0.139965,
	0.129730,
	0.119272,
	0.108610,
	0.097762,
	0.086748,
	0.075588,
	0.064302,
	0.052908,
	0.041429,
	0.029885,
	0.018295,
	0.006682,
	-0.004935,
	-0.016535,
	-0.028096,
	-0.039599,
	-0.051023,
	-0.062346,
	-0.073550,
	-0.084613,
	-0.095517,
	-0.106241,
	-0.116766,
	-0.127074,
	-0.137145,
	-0.146963,
	-0.156509,
	-0.165766,
	-0.174718,
	-0.183349,
	-0.191642,
	-0.199584,
	-0.207160,
	-0.214356,
	-0.221160,
	-0.227559,
	-0.233542,
	-0.239098,
	-0.244217,
	-0.248891,
	-0.253110,
	-0.256867,
	-0.260156,
	-0.262970,
	-0.265305,
	-0.267157,
	-0.268522,
	-0.269398,
	-0.269783,
	-0.269678,
	-0.269082,
	-0.267996,
	-0.266422,
	-0.264365,
	-0.261827,
	-0.258813,
	-0.255329,
	-0.251381,
	-0.246977,
	-0.242125,
	-0.236834,
	-0.231114,
	-0.224975,
	-0.218428,
	-0.211487,
	-0.204163,
	-0.196470,
	-0.188422,
	-0.180035,
	-0.171323,
	-0.162303,
	-0.152992,
	-0.143407,
	-0.133565,
	-0.123484,
	-0.113185,
	-0.102684,
	-0.092002,
	-0.081159,
	-0.070174,
	-0.059069,
	-0.047863,
	-0.036577,
	-0.025232,
	-0.013850,
	-0.002451,
	0.008944,
	0.020313,
	0.031636,
	0.042890,
	0.054057,
	0.065114,
	0.076041,
	0.086818,
	0.097426,
	0.107843,
	0.118051,
	0.128032,
	0.137765,
	0.147234,
	0.156421,
	0.165308,
	0.173879,
	0.182118,
	0.190011,
	0.197541,
	0.204695,
	0.211461,
	0.217824,
	0.223774,
	0.229300,
	0.234390,
	0.239036,
	0.243229,
	0.246962,
	0.250226,
	0.253017,
	0.255330,
	0.257159,
	0.258502,
	0.259356,
	0.259719,
	0.259592,
	0.258974,
	0.257867,
	0.256273,
	0.254195,
	0.251636,
	0.248603,
	0.245101,
	0.241136,
	0.236717,
	0.231851,
	0.226547,
	0.220817,
	0.214671,
	0.208121,
	0.201179,
	0.193858,
	0.186173,
	0.178139,
	0.169769,
	0.161081,
	0.152091,
	0.142817,
	0.133275,
	0.123485,
	0.113464,
	0.103233,
	0.092810,
	0.082216,
	0.071470,
	0.060594,
	0.049608,
	0.038533,
	0.027391,
	0.016202,
	0.004988,
	-0.006229,
	-0.017428,
	-0.028587,
	-0.039686,
	-0.050702,
	-0.061615,
	-0.072404,
	-0.083048,
	-0.093526,
	-0.103819,
	-0.113907,
	-0.123770,
	-0.133390,
	-0.142747,
	-0.151825,
	-0.160605,
	-0.169071,
	-0.177207,
	-0.184996,
	-0.192424,
	-0.199477,
	-0.206140,
	-0.212402,
	-0.218251,
	-0.223674,
	-0.228662,
	-0.233205,
	-0.237294,
	-0.240922,
	-0.244081,
	-0.246766,
	-0.248971,
	-0.250693,
	-0.251927,
	-0.252673,
	-0.252928,
	-0.252692,
	-0.251965,
	-0.250750,
	-0.249048,
	-0.246863,
	-0.244200,
	-0.241064,
	-0.237460,
	-0.233397,
	-0.228882,
	-0.223924,
	-0.218533,
	-0.212720,
	-0.206496,
	-0.199873,
	-0.192865,
	-0.185484,
	-0.177747,
	-0.169668,
	-0.161263,
	-0.152549,
	-0.143542,
	-0.134261,
	-0.124725,
	-0.114951,
	-0.104959,
	-0.094769,
	-0.084401,
	-0.073875,
	-0.063213,
	-0.052435,
	-0.041563,
	-0.030617,
	-0.019621,
	-0.008595,
	0.002438,
	0.013457,
	0.024440,
	0.035365,
	0.046211,
	0.056956,
	0.067578,
	0.078058,
	0.088373,
	0.098504,
	0.108430,
	0.118132,
	0.127591,
	0.136787,
	0.145702,
	0.154320,
	0.162622,
	0.170592,
	0.178215,
	0.185475,
	0.192357,
	0.198849,
	0.204937,
	0.210610,
	0.215855,
	0.220663,
	0.225024,
	0.228929,
	0.232371,
	0.235343,
	0.237839,
	0.239854,
	0.241385,
	0.242427,
	0.242980,
	0.243043,
	0.242614,
	0.241696,
	0.240290,
	0.238399,
	0.236027,
	0.233179,
	0.229861,
	0.226079,
	0.221842,
	0.217158,
	0.212036,
	0.206488,
	0.200523,
	0.194156,
	0.187397,
	0.180262,
	0.172765,
	0.164921,
	0.156745,
	0.148256,
	0.139469,
	0.130404,
	0.121078,
	0.111510,
	0.101720,
	0.091727,
	0.081553,
	0.071218,
	0.060743,
	0.050150,
	0.039459,
	0.028694,
	0.017875,
	0.007025,
	-0.003834,
	-0.014680,
	-0.025490,
	-0.036242,
	-0.046916,
	-0.057487,
	-0.067936,
	-0.078241,
	-0.088380,
	-0.098333,
	-0.108079,
	-0.117599,
	-0.126873,
	-0.135882,
	-0.144608,
	-0.153032,
	-0.161138,
	-0.168909,
	-0.176329,
	-0.183382,
	-0.190055,
	-0.196333,
	-0.202204,
	-0.207656,
	-0.212677,
	-0.217257,
	-0.221388,
	-0.225060,
	-0.228266,
	-0.230999,
	-0.233255,
	-0.235028,
	-0.236314,
	-0.237112,
	-0.237419,
	-0.237236,
	-0.236562,
	-0.235400,
	-0.233751,
	-0.231619,
	-0.229009,
	-0.225926,
	-0.222377,
	-0.218369,
	-0.213911,
	-0.209011,
	-0.203682,
	-0.197932,
	-0.191776,
	-0.185225,
	-0.178293,
	-0.170996,
	-0.163347,
	-0.155364,
	-0.147062,
	-0.138461,
	-0.129576,
	-0.120428,
	-0.111035,
	-0.101418,
	-0.091595,
	-0.081589,
	-0.071420,
	-0.061109,
	-0.050678,
	-0.040149,
	-0.029545,
	-0.018887,
	-0.008197,
	0.002501,
	0.013185,
	0.023832,
	0.034421,
	0.044928,
	0.055333,
	0.065612,
	0.075744,
	0.085708,
	0.095482,
	0.105047,
	0.114381,
	0.123466,
	0.132282,
	0.140811,
	0.149034,
	0.156934,
	0.164494,
	0.171699,
	0.178533,
	0.184982,
	0.191032,
	0.196671,
	0.201886,
	0.206667,
	0.211004,
	0.214886,
	0.218307,
	0.221259,
	0.223736,
	0.225733,
	0.227245,
	0.228270,
	0.228804,
	0.228849,
	0.228402,
	0.227466,
	0.226043,
	0.224135,
	0.221747,
	0.218884,
	0.215552,
	0.211760,
	0.207514,
	0.202824,
	0.197700,
	0.192153,
	0.186196,
	0.179841,
	0.173103,
	0.165994,
	0.158532,
	0.150732,
	0.142611,
	0.134187,
	0.125477,
	0.116501,
	0.107278,
	0.097828,
	0.088172,
	0.078330,
	0.068325,
	0.058176,
	0.047907,
	0.037540,
	0.027097,
	0.016600,
	0.006074,
	-0.004460,
	-0.014979,
	-0.025460,
	-0.035880,
	-0.046216,
	-0.056447,
	-0.066549,
	-0.076501,
	-0.086281,
	-0.095869,
	-0.105242,
	-0.114382,
	-0.123267,
	-0.131879,
	-0.140198,
	-0.148208,
	-0.155889,
	-0.163227,
	-0.170204,
	-0.176805,
	-0.183016,
	-0.188825,
	-0.194217,
	-0.199181,
	-0.203707,
	-0.207784,
	-0.211404,
	-0.214559,
	-0.217242,
	-0.219448,
	-0.221171,
	-0.222408,
	-0.223156,
	-0.223413,
	-0.223180,
	-0.222457,
	-0.221246,
	-0.219548,
	-0.217369,
	-0.214713,
	-0.211586,
	-0.207995,
	-0.203948,
	-0.199454,
	-0.194523,
	-0.189166,
	-0.183395,
	-0.177223,
	-0.170663,
	-0.163731,
	-0.156441,
	-0.148810,
	-0.140855,
	-0.132594,
	-0.124044,
	-0.115226,
	-0.106158,
	-0.096860,
	-0.087355,
	-0.077662,
	-0.067803,
	-0.057800,
	-0.047676,
	-0.037454,
	-0.027155,
	-0.016803,
	-0.006421,
	0.003968,
	0.014341,
	0.024674,
	0.034944,
	0.045129,
	0.055206,
	0.065151,
	0.074944,
	0.084562,
	0.093984,
	0.103188,
	0.112154,
	0.120862,
	0.129293,
	0.137427,
	0.145246,
	0.152734,
	0.159872,
	0.166646,
	0.173039,
	0.179039,
	0.184630,
	0.189802,
	0.194542,
	0.198839,
	0.202684,
	0.206069,
	0.208986,
	0.211428,
	0.213391,
	0.214869,
	0.215859,
	0.216360,
	0.216371,
	0.215890,
	0.214921,
	0.213464,
	0.211524,
	0.209104,
	0.206211,
	0.202852,
	0.199033,
	0.194763,
	0.190053,
	0.184914,
	0.179356,
	0.173393,
	0.167039,
	0.160308,
	0.153215,
	0.145776,
	0.138010,
	0.129933,
	0.121564,
	0.112922,
	0.104027,
	0.094900,
	0.085561,
	0.076031,
	0.066334,
	0.056490,
	0.046522,
	0.036454,
	0.026308,
	0.016107,
	0.005876,
	-0.004363,
	-0.014586,
	-0.024769,
	-0.034890,
	-0.044924,
	-0.054849,
	-0.064642,
	-0.074280,
	-0.083742,
	-0.093005,
	-0.102048,
	-0.110851,
	-0.119393,
	-0.127654,
	-0.135616,
	-0.143260,
	-0.150568,
	-0.157525,
	-0.164113,
	-0.170317,
	-0.176124,
	-0.181519,
	-0.186491,
	-0.191029,
	-0.195120,
	-0.198757,
	-0.201931,
	-0.204635,
	-0.206861,
	-0.208607,
	-0.209866,
	-0.210637,
	-0.210918,
	-0.210708,
	-0.210009,
	-0.208820,
	-0.207146,
	-0.204991,
	-0.202359,
	-0.199257,
	-0.195693,
	-0.191674,
	-0.187209,
	-0.182311,
	-0.176989,
	-0.171258,
	-0.165129,
	-0.158618,
	-0.151739,
	-0.144510,
	-0.136947,
	-0.129067,
	-0.120891,
	-0.112435,
	-0.103721,
	-0.094770,
	-0.085601,
	-0.076237,
	-0.066700,
	-0.057012,
	-0.047196,
	-0.037275,
	-0.027272,
	-0.017212,
	-0.007118,
	0.002987,
	0.013078,
	0.023132,
	0.033125,
	0.043033,
	0.052834,
	0.062503,
	0.072018,
	0.081357,
	0.090498,
	0.099418,
	0.108098,
	0.116515,
	0.124651,
	0.132487,
	0.140002,
	0.147181,
	0.154006,
	0.160461,
	0.166530,
	0.172199,
	0.177456,
	0.182286,
	0.186680,
	0.190626,
	0.194116,
	0.197141,
	0.199693,
	0.201768,
	0.203360,
	0.204465,
	0.205081,
	0.205207,
	0.204842,
	0.203988,
	0.202646,
	0.200820,
	0.198514,
	0.195734,
	0.192487,
	0.188780,
	0.184623,
	0.180025,
	0.174998,
	0.169555,
	0.163707,
	0.157469,
	0.150857,
	0.143886,
	0.136573,
	0.128936,
	0.120993,
	0.112764,
	0.104268,
	0.095526,
	0.086559,
	0.077389,
	0.068037,
	0.058527,
	0.048882,
	0.039125,
	0.029279,
	0.019368,
	0.009417,
	-0.000551,
	-0.010511,
	-0.020440,
	-0.030312,
	-0.040105,
	-0.049795,
	-0.059358,
	-0.068770,
	-0.078009,
	-0.087054,
	-0.095880,
	-0.104468,
	-0.112797,
	-0.120845,
	-0.128594,
	-0.136025,
	-0.143120,
	-0.149861,
	-0.156233,
	-0.162219,
	-0.167805,
	-0.172978,
	-0.177725,
	-0.182035,
	-0.185897,
	-0.189301,
	-0.192240,
	-0.194706,
	-0.196694,
	-0.198199,
	-0.199216,
	-0.199744,
	-0.199782,
	-0.199329,
	-0.198387,
	-0.196958,
	-0.195046,
	-0.192655,
	-0.189792,
	-0.186463,
	-0.182678,
	-0.178445,
	-0.173774,
	-0.168678,
	-0.163169,
	-0.157261,
	-0.150968,
	-0.144306,
	-0.137292,
	-0.129943,
	-0.122276,
	-0.114312,
	-0.106070,
	-0.097570,
	-0.088834,
	-0.079882,
	-0.070738,
	-0.061424,
	-0.051963,
	-0.042379,
	-0.032695,
	-0.022936,
	-0.013125,
	-0.003287,
	0.006553,
	0.016371,
	0.026143,
	0.035844,
	0.045450,
	0.054938,
	0.064283,
	0.073463,
	0.082454,
	0.091235,
	0.099783,
	0.108076,
	0.116096,
	0.123821,
	0.131232,
	0.138310,
	0.145039,
	0.151401,
	0.157381,
	0.162963,
	0.168134,
	0.172881,
	0.177192,
	0.181056,
	0.184464,
	0.187407,
	0.189878,
	0.191871,
	0.193381,
	0.194404,
	0.194938,
	0.194981,
	0.194534,
	0.193597,
	0.192174,
	0.190268,
	0.187883,
	0.185026,
	0.181705,
	0.177927,
	0.173703,
	0.169042,
	0.163958,
	0.158462,
	0.152569,
	0.146294,
	0.139653,
	0.132663,
	0.125341,
	0.117706,
	0.109778,
	0.101576,
	0.093122,
	0.084437,
	0.075543,
	0.066463,
	0.057220,
	0.047837,
	0.038339,
	0.028749,
	0.019092,
	0.009393,
	-0.000324,
	-0.010034,
	-0.019713,
	-0.029334,
	-0.038875,
	-0.048311,
	-0.057617,
	-0.066770,
	-0.075746,
	-0.084523,
	-0.093078,
	-0.101390,
	-0.109436,
	-0.117198,
	-0.124653,
	-0.131785,
	-0.138574,
	-0.145003,
	-0.151056,
	-0.156717,
	-0.161972,
	-0.166807,
	-0.171210,
	-0.175170,
	-0.178677,
	-0.181721,
	-0.184296,
	-0.186394,
	-0.188010,
	-0.189140,
	-0.189782,
	-0.189933,
	-0.189594,
	-0.188765,
	-0.187449,
	-0.185649,
	-0.183370,
	-0.180617,
	-0.177399,
	-0.173723,
	-0.169600,
	-0.165039,
	-0.160053,
	-0.154655,
	-0.148859,
	-0.142680,
	-0.136133,
	-0.129237,
	-0.122009,
	-0.114468,
	-0.106634,
	-0.098527,
	-0.090167,
	-0.081578,
	-0.072781,
	-0.063800,
	-0.054657,
	-0.045377,
	-0.035983,
	-0.026501,
	-0.016955,
	-0.007370,
	0.002229,
	0.011817,
	0.021369,
	0.030860,
	0.040264,
	0.049559,
	0.058718,
	0.067719,
	0.076538,
	0.085151,
	0.093536,
	0.101671,
	0.109536,
	0.117108,
	0.124369,
	0.131300,
	0.137882,
	0.144098,
	0.149931,
	0.155368,
	0.160392,
	0.164992,
	0.169155,
	0.172871,
	0.176129,
	0.178921,
	0.181239,
	0.183079,
	0.184434,
	0.185303,
	0.185681,
	0.185569,
	0.184967,
	0.183876,
	0.182300,
	0.180242,
	0.177709,
	0.174707,
	0.171244,
	0.167329,
	0.162974,
	0.158189,
	0.152987,
	0.147382,
	0.141390,
	0.135026,
	0.128307,
	0.121251,
	0.113877,
	0.106204,
	0.098254,
	0.090047,
	0.081606,
	0.072952,
	0.064109,
	0.055101,
	0.045951,
	0.036684,
	0.027325,
	0.017899,
	0.008431,
	-0.001053,
	-0.010529,
	-0.019971,
	-0.029353,
	-0.038651,
	-0.047839,
	-0.056894,
	-0.065790,
	-0.074504,
	-0.083013,
	-0.091294,
	-0.099324,
	-0.107082,
	-0.114547,
	-0.121700,
	-0.128521,
	-0.134992,
	-0.141095,
	-0.146814,
	-0.152134,
	-0.157041,
	-0.161521,
	-0.165562,
	-0.169154,
	-0.172287,
	-0.174953,
	-0.177144,
	-0.178854,
	-0.180080,
	-0.180818,
	-0.181065,
	-0.180823,
	-0.180090,
	-0.178870,
	-0.177165,
	-0.174981,
	-0.172323,
	-0.169198,
	-0.165616,
	-0.161587,
	-0.157120,
	-0.152229,
	-0.146926,
	-0.141227,
	-0.135146,
	-0.128701,
	-0.121909,
	-0.114788,
	-0.107359,
	-0.099640,
	-0.091655,
	-0.083423,
	-0.074969,
	-0.066314,
	-0.057483,
	-0.048500,
	-0.039389,
	-0.030175,
	-0.020884,
	-0.011540,
	-0.002170,
	0.007201,
	0.016547,
	0.025842,
	0.035062,
	0.044180,
	0.053173,
	0.062015,
	0.070681,
	0.079149,
	0.087395,
	0.095396,
	0.103131,
	0.110578,
	0.117716,
	0.124527,
	0.130991,
	0.137091,
	0.142810,
	0.148132,
	0.153043,
	0.157529,
	0.161579,
	0.165179,
	0.168322,
	0.170999,
	0.173201,
	0.174924,
	0.176161,
	0.176911,
	0.177171,
	0.176941,
	0.176221,
	0.175012,
	0.173320,
	0.171148,
	0.168503,
	0.165392,
	0.161824,
	0.157808,
	0.153356,
	0.148481,
	0.143196,
	0.137516,
	0.131457,
	0.125035,
	0.118269,
	0.111178,
	0.103781,
	0.096099,
	0.088154,
	0.079968,
	0.071563,
	0.062964,
	0.054194,
	0.045277,
	0.036240,
	0.027106,
	0.017902,
	0.008654,
	-0.000613,
	-0.009873,
	-0.019100,
	-0.028267,
	-0.037350,
	-0.046322,
	-0.055159,
	-0.063836,
	-0.072328,
	-0.080612,
	-0.088665,
	-0.096463,
	-0.103985,
	-0.111210,
	-0.118117,
	-0.124688,
	-0.130903,
	-0.136745,
	-0.142199,
	-0.147248,
	-0.151878,
	-0.156076,
	-0.159832,
	-0.163133,
	-0.165971,
	-0.168338,
	-0.170228,
	-0.171634,
	-0.172554,
	-0.172984,
	-0.172924,
	-0.172374,
	-0.171335,
	-0.169810,
	-0.167805,
	-0.165324,
	-0.162375,
	-0.158967,
	-0.155108,
	-0.150811,
	-0.146087,
	-0.140950,
	-0.135414,
	-0.129496,
	-0.123213,
	-0.116582,
	-0.109622,
	-0.102353,
	-0.094797,
	-0.086974,
	-0.078907,
	-0.070619,
	-0.062134,
	-0.053476,
	-0.044670,
	-0.035740,
	-0.026714,
	-0.017616,
	-0.008472,
	0.000691,
	0.009846,
	0.018969,
	0.028032,
	0.037010,
	0.045877,
	0.054608,
	0.063177,
	0.071559,
	0.079732,
	0.087671,
	0.095354,
	0.102758,
	0.109863,
	0.116647,
	0.123092,
	0.129179,
	0.134890,
	0.140209,
	0.145121,
	0.149612,
	0.153669,
	0.157279,
	0.160434,
	0.163123,
	0.165340,
	0.167077,
	0.168331,
	0.169096,
	0.169372,
	0.169157,
	0.168453,
	0.167260,
	0.165584,
	0.163429,
	0.160800,
	0.157707,
	0.154158,
	0.150163,
	0.145734,
	0.140884,
	0.135627,
	0.129979,
	0.123955,
	0.117575,
	0.110856,
	0.103817,
	0.096480,
	0.088867,
	0.080998,
	0.072898,
	0.064589,
	0.056097,
	0.047445,
	0.038660,
	0.029768,
	0.020793,
	0.011762,
	0.002702,
	-0.006360,
	-0.015399,
	-0.024387,
	-0.033299,
	-0.042108,
	-0.050789,
	-0.059315,
	-0.067663,
	-0.075807,
	-0.083724,
	-0.091390,
	-0.098783,
	-0.105882,
	-0.112665,
	-0.119112,
	-0.125205,
	-0.130926,
	-0.136258,
	-0.141186,
	-0.145694,
	-0.149770,
	-0.153401,
	-0.156578,
	-0.159290,
	-0.161531,
	-0.163293,
	-0.164571,
	-0.165361,
	-0.165662,
	-0.165473,
	-0.164793,
	-0.163626,
	-0.161975,
	-0.159844,
	-0.157241,
	-0.154173,
	-0.150649,
	-0.146679,
	-0.142277,
	-0.137454,
	-0.132225,
	-0.126606,
	-0.120614,
	-0.114266,
	-0.107582,
	-0.100581,
	-0.093284,
	-0.085713,
	-0.077891,
	-0.069842,
	-0.061588,
	-0.053155,
	-0.044568,
	-0.035852,
	-0.027035,
	-0.018141,
	-0.009198,
	-0.000233,
	0.008729,
	0.017659,
	0.026532,
	0.035320,
	0.043998,
	0.052539,
	0.060918,
	0.069110,
	0.077090,
	0.084834,
	0.092320,
	0.099524,
	0.106425,
	0.113002,
	0.119236,
	0.125109,
	0.130601,
	0.135698,
	0.140383,
	0.144643,
	0.148464,
	0.151836,
	0.154749,
	0.157193,
	0.159161,
	0.160648,
	0.161649,
	0.162162,
	0.162184,
	0.161715,
	0.160758,
	0.159315,
	0.157391,
	0.154991,
	0.152124,
	0.148797,
	0.145021,
	0.140807,
	0.136169,
	0.131120,
	0.125676,
	0.119853,
	0.113669,
	0.107144,
	0.100296,
	0.093148,
	0.085719,
	0.078034,
	0.070116,
	0.061989,
	0.053677,
	0.045206,
	0.036602,
	0.027891,
	0.019100,
	0.010255,
	0.001384,
	-0.007487,
	-0.016329,
	-0.025117,
	-0.033824,
	-0.042422,
	-0.050886,
	-0.059189,
	-0.067307,
	-0.075214,
	-0.082886,
	-0.090300,
	-0.097433,
	-0.104263,
	-0.110769,
	-0.116932,
	-0.122733,
	-0.128153,
	-0.133177,
	-0.137789,
	-0.141974,
	-0.145720,
	-0.149016,
	-0.151851,
	-0.154217,
	-0.156107,
	-0.157514,
	-0.158435,
	-0.158867,
	-0.158809,
	-0.158260,
	-0.157224,
	-0.155702,
	-0.153700,
	-0.151224,
	-0.148281,
	-0.144882,
	-0.141036,
	-0.136756,
	-0.132055,
	-0.126947,
	-0.121449,
	-0.115577,
	-0.109350,
	-0.102788,
	-0.095909,
	-0.088737,
	-0.081294,
	-0.073601,
	-0.065685,
	-0.057568,
	-0.049277,
	-0.040837,
	-0.032274,
	-0.023616,
	-0.014889,
	-0.006120,
	0.002663,
	0.011433,
	0.020162,
	0.028824,
	0.037391,
	0.045837,
	0.054135,
	0.062259,
	0.070184,
	0.077886,
	0.085339,
	0.092522,
	0.099411,
	0.105984,
	0.112223,
	0.118106,
	0.123616,
	0.128735,
	0.133447,
	0.137739,
	0.141595,
	0.145005,
	0.147957,
	0.150442,
	0.152454,
	0.153984,
	0.155030,
	0.155587,
	0.155653,
	0.155230,
	0.154317,
	0.152919,
	0.151039,
	0.148684,
	0.145861,
	0.142579,
	0.138849,
	0.134682,
	0.130092,
	0.125093,
	0.119701,
	0.113933,
	0.107808,
	0.101345,
	0.094564,
	0.087488,
	0.080138,
	0.072537,
	0.064711,
	0.056684,
	0.048481,
	0.040129,
	0.031654,
	0.023082,
	0.014442,
	0.005760,
	-0.002935,
	-0.011616,
	-0.020256,
	-0.028827,
	-0.037301,
	-0.045653,
	-0.053854,
	-0.061879,
	-0.069703,
	-0.077300,
	-0.084646,
	-0.091719,
	-0.098495,
	-0.104952,
	-0.111071,
	-0.116832,
	-0.122215,
	-0.127205,
	-0.131786,
	-0.135942,
	-0.139660,
	-0.142930,
	-0.145739,
	-0.148080,
	-0.149944,
	-0.151327,
	-0.152223,
	-0.152631,
	-0.152547,
	-0.151974,
	-0.150913,
	-0.149367,
	-0.147342,
	-0.144844,
	-0.141881,
	-0.138463,
	-0.134600,
	-0.130306,
	-0.125595,
	-0.120481,
	-0.114982,
	-0.109114,
	-0.102897,
	-0.096352,
	-0.089499,
	-0.082360,
	-0.074959,
	-0.067320,
	-0.059467,
	-0.051426,
	-0.043223,
	-0.034884,
	-0.026437,
	-0.017909,
	-0.009327,
	-0.000720,
	0.007885,
	0.016460,
	0.024976,
	0.033407,
	0.041725,
	0.049903,
	0.057914,
	0.065733,
	0.073333,
	0.080691,
	0.087782,
	0.094584,
	0.101073,
	0.107230,
	0.113034,
	0.118466,
	0.123509,
	0.128146,
	0.132362,
	0.136143,
	0.139478,
	0.142355,
	0.144765,
	0.146700,
	0.148154,
	0.149123,
	0.149603,
	0.149593,
	0.149092,
	0.148103,
	0.146629,
	0.144675,
	0.142247,
	0.139354,
	0.136004,
	0.132210,
	0.127983,
	0.123338,
	0.118289,
	0.112855,
	0.107051,
	0.100899,
	0.094417,
	0.087628,
	0.080554,
	0.073218,
	0.065644,
	0.057857,
	0.049884,
	0.041750,
	0.033483,
	0.025109,
	0.016657,
	0.008154,
	-0.000371,
	-0.008891,
	-0.017377,
	-0.025802,
	-0.034136,
	-0.042353,
	-0.050426,
	-0.058327,
	-0.066031,
	-0.073512,
	-0.080745,
	-0.087707,
	-0.094374,
	-0.100724,
	-0.106736,
	-0.112390,
	-0.117668,
	-0.122552,
	-0.127025,
	-0.131074,
	-0.134684,
	-0.137844,
	-0.140543,
	-0.142773,
	-0.144525,
	-0.145795,
	-0.146577,
	-0.146870,
	-0.146673,
	-0.145986,
	-0.144812,
	-0.143155,
	-0.141020,
	-0.138414,
	-0.135347,
	-0.131829,
	-0.127871,
	-0.123487,
	-0.118692,
	-0.113502,
	-0.107934,
	-0.102007,
	-0.095741,
	-0.089158,
	-0.082278,
	-0.075126,
	-0.067725,
	-0.060100,
	-0.052278,
	-0.044284,
	-0.036145,
	-0.027889,
	-0.019543,
	-0.011136,
	-0.002696,
	0.005748,
	0.014169,
	0.022538,
	0.030826,
	0.039005,
	0.047049,
	0.054930,
	0.062620,
	0.070095,
	0.077330,
	0.084298,
	0.090978,
	0.097347,
	0.103382,
	0.109065,
	0.114375,
	0.119294,
	0.123807,
	0.127897,
	0.131551,
	0.134757,
	0.137503,
	0.139782,
	0.141584,
	0.142904,
	0.143738,
	0.144082,
	0.143936,
	0.143300,
	0.142177,
	0.140570,
	0.138485,
	0.135929,
	0.132911,
	0.129441,
	0.125532,
	0.121196,
	0.116449,
	0.111307,
	0.105787,
	0.099908,
	0.093691,
	0.087156,
	0.080327,
	0.073226,
	0.065879,
	0.058309,
	0.050544,
	0.042609,
	0.034533,
	0.026342,
	0.018065,
	0.009730,
	0.001366,
	-0.006998,
	-0.015335,
	-0.023614,
	-0.031808,
	-0.039888,
	-0.047827,
	-0.055598,
	-0.063173,
	-0.070527,
	-0.077634,
	-0.084471,
	-0.091013,
	-0.097237,
	-0.103124,
	-0.108651,
	-0.113801,
	-0.118555,
	-0.122898,
	-0.126814,
	-0.130290,
	-0.133313,
	-0.135875,
	-0.137965,
	-0.139576,
	-0.140704,
	-0.141343,
	-0.141493,
	-0.141153,
	-0.140324,
	-0.139008,
	-0.137212,
	-0.134940,
	-0.132201,
	-0.129004,
	-0.125361,
	-0.121284,
	-0.116788,
	-0.111888,
	-0.106602,
	-0.100948,
	-0.094945,
	-0.088614,
	-0.081979,
	-0.075061,
	-0.067885,
	-0.060477,
	-0.052861,
	-0.045065,
	-0.037115,
	-0.029040,
	-0.020868,
	-0.012627,
	-0.004347,
	0.003945,
	0.012218,
	0.020445,
	0.028595,
	0.036641,
	0.044555,
	0.052309,
	0.059875,
	0.067227,
	0.074340,
	0.081189,
	0.087749,
	0.093997,
	0.099912,
	0.105474,
	0.110661,
	0.115457,
	0.119845,
	0.123808,
	0.127334,
	0.130410,
	0.133025,
	0.135171,
	0.136838,
	0.138023,
	0.138720,
	0.138928,
	0.138645,
	0.137873,
	0.136615,
	0.134875,
	0.132659,
	0.129975,
	0.126833,
	0.123244,
	0.119221,
	0.114778,
	0.109931,
	0.104697,
	0.099095,
	0.093144,
	0.086866,
	0.080283,
	0.073419,
	0.066297,
	0.058944,
	0.051385,
	0.043648,
	0.035759,
	0.027747,
	0.019641,
	0.011468,
	0.003259,
	-0.004957,
	-0.013152,
	-0.021296,
	-0.029360,
	-0.037315,
	-0.045133,
	-0.052787,
	-0.060248,
	-0.067490,
	-0.074488,
	-0.081216,
	-0.087651,
	-0.093769,
	-0.099550,
	-0.104971,
	-0.110014,
	-0.114661,
	-0.118895,
	-0.122701,
	-0.126066,
	-0.128977,
	-0.131425,
	-0.133400,
	-0.134896,
	-0.135907,
	-0.136430,
	-0.136462,
	-0.136005,
	-0.135059,
	-0.133628,
	-0.131718,
	-0.129335,
	-0.126488,
	-0.123187,
	-0.119444,
	-0.115273,
	-0.110689,
	-0.105708,
	-0.100349,
	-0.094630,
	-0.088574,
	-0.082200,
	-0.075533,
	-0.068597,
	-0.061417,
	-0.054018,
	-0.046427,
	-0.038673,
	-0.030783,
	-0.022785,
	-0.014709,
	-0.006584,
	0.001561,
	0.009696,
	0.017792,
	0.025819,
	0.033749,
	0.041552,
	0.049200,
	0.056666,
	0.063923,
	0.070943,
	0.077702,
	0.084175,
	0.090339,
	0.096171,
	0.101650,
	0.106757,
	0.111472,
	0.115778,
	0.119661,
	0.123105,
	0.126099,
	0.128631,
	0.130693,
	0.132276,
	0.133376,
	0.133988,
	0.134110,
	0.133742,
	0.132886,
	0.131543,
	0.129720,
	0.127423,
	0.124661,
	0.121444,
	0.117783,
	0.113693,
	0.109188,
	0.104285,
	0.099001,
	0.093357,
	0.087373,
	0.081071,
	0.074475,
	0.067608,
	0.060496,
	0.053165,
	0.045643,
	0.037956,
	0.030133,
	0.022203,
	0.014195,
	0.006139,
	-0.001935,
	-0.009999,
	-0.018021,
	-0.025974,
	-0.033826,
	-0.041550,
	-0.049116,
	-0.056497,
	-0.063666,
	-0.070596,
	-0.077262,
	-0.083638,
	-0.089702,
	-0.095431,
	-0.100804,
	-0.105800,
	-0.110403,
	-0.114594,
	-0.118358,
	-0.121681,
	-0.124551,
	-0.126958,
	-0.128892,
	-0.130346,
	-0.131316,
	-0.131798,
	-0.131789,
	-0.131290,
	-0.130303,
	-0.128832,
	-0.126882,
	-0.124461,
	-0.121577,
	-0.118242,
	-0.114468,
	-0.110269,
	-0.105660,
	-0.100660,
	-0.095287,
	-0.089561,
	-0.083503,
	-0.077137,
	-0.070485,
	-0.063573,
	-0.056427,
	-0.049073,
	-0.041539,
	-0.033854,
	-0.026045,
	-0.018143,
	-0.010177,
	-0.002177,
	0.005828,
	0.013806,
	0.021729,
	0.029567,
	0.037289,
	0.044868,
	0.052275,
	0.059481,
	0.066460,
	0.073186,
	0.079633,
	0.085778,
	0.091597,
	0.097067,
	0.102170,
	0.106885,
	0.111195,
	0.115084,
	0.118537,
	0.121541,
	0.124084,
	0.126158,
	0.127755,
	0.128869,
	0.129494,
	0.129630,
	0.129276,
	0.128433,
	0.127105,
	0.125296,
	0.123014,
	0.120267,
	0.117065,
	0.113422,
	0.109350,
	0.104866,
	0.099986,
	0.094729,
	0.089115,
	0.083165,
	0.076903,
	0.070351,
	0.063535,
	0.056481,
	0.049216,
	0.041766,
	0.034162,
	0.026431,
	0.018603,
	0.010709,
	0.002777,
	-0.005161,
	-0.013076,
	-0.020937,
	-0.028714,
	-0.036378,
	-0.043899,
	-0.051249,
	-0.058400,
	-0.065323,
	-0.071994,
	-0.078386,
	-0.084475,
	-0.090238,
	-0.095652,
	-0.100698,
	-0.105355,
	-0.109607,
	-0.113436,
	-0.116828,
	-0.119771,
	-0.122252,
	-0.124263,
	-0.125796,
	-0.126845,
	-0.127407,
	-0.127478,
	-0.127059,
	-0.126152,
	-0.124760,
	-0.122889,
	-0.120545,
	-0.117739,
	-0.114480,
	-0.110782,
	-0.106658,
	-0.102125,
	-0.097201,
	-0.091904,
	-0.086255,
	-0.080276,
	-0.073989,
	-0.067420,
	-0.060593,
	-0.053536,
	-0.046275,
	-0.038838,
	-0.031255,
	-0.023554,
	-0.015766,
	-0.007921,
	-0.000049,
	0.007820,
	0.015654,
	0.023424,
	0.031099,
	0.038650,
	0.046047,
	0.053262,
	0.060267,
	0.067033,
	0.073536,
	0.079750,
	0.085651,
	0.091216,
	0.096423,
	0.101252,
	0.105684,
	0.109703,
	0.113292,
	0.116438,
	0.119128,
	0.121352,
	0.123102,
	0.124370,
	0.125152,
	0.125445,
	0.125248,
	0.124561,
	0.123388,
	0.121733,
	0.119602,
	0.117004,
	0.113950,
	0.110451,
	0.106521,
	0.102175,
	0.097431,
	0.092307,
	0.086824,
	0.081003,
	0.074867,
	0.068439,
	0.061747,
	0.054814,
	0.047670,
	0.040342,
	0.032859,
	0.025250,
	0.017545,
	0.009775,
	0.001971,
	-0.005838,
	-0.013620,
	-0.021344,
	-0.028981,
	-0.036499,
	-0.043870,
	-0.051065,
	-0.058054,
	-0.064810,
	-0.071308,
	-0.077520,
	-0.083423,
	-0.088994,
	-0.094209,
	-0.099050,
	-0.103496,
	-0.107531,
	-0.111137,
	-0.114302,
	-0.117012,
	-0.119257,
	-0.121028,
	-0.122318,
	-0.123122,
	-0.123438,
	-0.123262,
	-0.122598,
	-0.121447,
	-0.119813,
	-0.117705,
	-0.115129,
	-0.112096,
	-0.108619,
	-0.104711,
	-0.100388,
	-0.095668,
	-0.090568,
	-0.085110,
	-0.079315,
	-0.073207,
	-0.066809,
	-0.060148,
	-0.053250,
	-0.046143,
	-0.038855,
	-0.031415,
	-0.023853,
	-0.016199,
	-0.008484,
	-0.000739,
	0.007005,
	0.014718,
	0.022368,
	0.029925,
	0.037358,
	0.044638,
	0.051736,
	0.058623,
	0.065271,
	0.071654,
	0.077747,
	0.083524,
	0.088963,
	0.094042,
	0.098741,
	0.103040,
	0.106923,
	0.110374,
	0.113379,
	0.115926,
	0.118005,
	0.119608,
	0.120728,
	0.121360,
	0.121503,
	0.121156,
	0.120320,
	0.118999,
	0.117199,
	0.114925,
	0.112189,
	0.109000,
	0.105372,
	0.101320,
	0.096860,
	0.092011,
	0.086791,
	0.081222,
	0.075327,
	0.069129,
	0.062654,
	0.055929,
	0.048979,
	0.041835,
	0.034524,
	0.027076,
	0.019522,
	0.011892,
	0.004218,
	-0.003470,
	-0.011140,
	-0.018762,
	-0.026303,
	-0.033734,
	-0.041023,
	-0.048143,
	-0.055062,
	-0.061754,
	-0.068192,
	-0.074348,
	-0.080198,
	-0.085717,
	-0.090885,
	-0.095679,
	-0.100080,
	-0.104070,
	-0.107633,
	-0.110754,
	-0.113421,
	-0.115623,
	-0.117350,
	-0.118597,
	-0.119357,
	-0.119629,
	-0.119409,
	-0.118701,
	-0.117507,
	-0.115831,
	-0.113681,
	-0.111065,
	-0.107995,
	-0.104483,
	-0.100543,
	-0.096193,
	-0.091449,
	-0.086331,
	-0.080860,
	-0.075060,
	-0.068954,
	-0.062566,
	-0.055924,
	-0.049055,
	-0.041987,
	-0.034749,
	-0.027371,
	-0.019884,
	-0.012318,
	-0.004705,
	0.002923,
	0.010536,
	0.018103,
	0.025590,
	0.032969,
	0.040207,
	0.047276,
	0.054147,
	0.060790,
	0.067178,
	0.073285,
	0.079086,
	0.084556,
	0.089673,
	0.094416,
	0.098766,
	0.102704,
	0.106213,
	0.109281,
	0.111893,
	0.114039,
	0.115710,
	0.116900,
	0.117603,
	0.117817,
	0.117541,
	0.116775,
	0.115524,
	0.113793,
	0.111588,
	0.108920,
	0.105799,
	0.102238,
	0.098253,
	0.093859,
	0.089076,
	0.083924,
	0.078423,
	0.072598,
	0.066472,
	0.060071,
	0.053422,
	0.046552,
	0.039492,
	0.032269,
	0.024914,
	0.017459,
	0.009934,
	0.002371,
	-0.005199,
	-0.012743,
	-0.020230,
	-0.027629,
	-0.034908,
	-0.042038,
	-0.048987,
	-0.055728,
	-0.062231,
	-0.068470,
	-0.074418,
	-0.080050,
	-0.085342,
	-0.090274,
	-0.094823,
	-0.098970,
	-0.102699,
	-0.105993,
	-0.108839,
	-0.111225,
	-0.113140,
	-0.114578,
	-0.115531,
	-0.115996,
	-0.115971,
	-0.115457,
	-0.114454,
	-0.112969,
	-0.111006,
	-0.108575,
	-0.105686,
	-0.102351,
	-0.098584,
	-0.094402,
	-0.089822,
	-0.084863,
	-0.079547,
	-0.073896,
	-0.067934,
	-0.061687,
	-0.055181,
	-0.048444,
	-0.041504,
	-0.034391,
	-0.027136,
	-0.019768,
	-0.012320,
	-0.004823,
	0.002692,
	0.010191,
	0.017643,
	0.025017,
	0.032281,
	0.039404,
	0.046356,
	0.053107,
	0.059629,
	0.065893,
	0.071873,
	0.077544,
	0.082881,
	0.087861,
	0.092464,
	0.096669,
	0.100460,
	0.103819,
	0.106732,
	0.109188,
	0.111175,
	0.112685,
	0.113712,
	0.114251,
	0.114300,
	0.113860,
	0.112931,
	0.111519,
	0.109628,
	0.107268,
	0.104449,
	0.101182,
	0.097482,
	0.093366,
	0.088849,
	0.083953,
	0.078698,
	0.073106,
	0.067203,
	0.061013,
	0.054563,
	0.047881,
	0.040996,
	0.033938,
	0.026736,
	0.019422,
	0.012028,
	0.004586,
	-0.002873,
	-0.010316,
	-0.017712,
	-0.025027,
	-0.032230,
	-0.039291,
	-0.046179,
	-0.052864,
	-0.059317,
	-0.065510,
	-0.071417,
	-0.077011,
	-0.082270,
	-0.087169,
	-0.091688,
	-0.095807,
	-0.099509,
	-0.102778,
	-0.105599,
	-0.107959,
	-0.109850,
	-0.111263,
	-0.112192,
	-0.112632,
	-0.112582,
	-0.112043,
	-0.111016,
	-0.109507,
	-0.107521,
	-0.105068,
	-0.102159,
	-0.098805,
	-0.095023,
	-0.090827,
	-0.086238,
	-0.081274,
	-0.075958,
	-0.070312,
	-0.064362,
	-0.058134,
	-0.051654,
	-0.044952,
	-0.038056,
	-0.030996,
	-0.023805,
	-0.016512,
	-0.009150,
	-0.001752,
	0.005650,
	0.013025,
	0.020339,
	0.027560,
	0.034658,
	0.041600,
	0.048356,
	0.054897,
	0.061194,
	0.067219,
	0.072947,
	0.078350,
	0.083407,
	0.088095,
	0.092394,
	0.096283,
	0.099747,
	0.102771,
	0.105340,
	0.107444,
	0.109073,
	0.110221,
	0.110883,
	0.111055,
	0.110736,
	0.109929,
	0.108638,
	0.106867,
	0.104624,
	0.101920,
	0.098767,
	0.095179,
	0.091171,
	0.086762,
	0.081971,
	0.076819,
	0.071329,
	0.065526,
	0.059435,
	0.053083,
	0.046499,
	0.039711,
	0.032751,
	0.025648,
	0.018434,
	0.011142,
	0.003804,
	-0.003547,
	-0.010880,
	-0.018161,
	-0.025358,
	-0.032438,
	-0.039372,
	-0.046126,
	-0.052673,
	-0.058981,
	-0.065024,
	-0.070775,
	-0.076207,
	-0.081297,
	-0.086023,
	-0.090362,
	-0.094296,
	-0.097807,
	-0.100879,
	-0.103500,
	-0.105656,
	-0.107340,
	-0.108543,
	-0.109259,
	-0.109487,
	-0.109224,
	-0.108473,
	-0.107236,
	-0.105519,
	-0.103330,
	-0.100679,
	-0.097578,
	-0.094041,
	-0.090083,
	-0.085723,
	-0.080980,
	-0.075875,
	-0.070432,
	-0.064675,
	-0.058629,
	-0.052323,
	-0.045785,
	-0.039043,
	-0.032129,
	-0.025073,
	-0.017908,
	-0.010665,
	-0.003377,
	0.003923,
	0.011201,
	0.018426,
	0.025565,
	0.032585,
	0.039454,
	0.046143,
	0.052620,
	0.058857,
	0.064824,
	0.070496,
	0.075847,
	0.080852,
	0.085490,
	0.089738,
	0.093578,
	0.096993,
	0.099967,
	0.102486,
	0.104540,
	0.106120,
	0.107217,
	0.107827,
	0.107948,
	0.107578,
	0.106721,
	0.105379,
	0.103559,
	0.101269,
	0.098520,
	0.095324,
	0.091696,
	0.087652,
	0.083211,
	0.078394,
	0.073221,
	0.067717,
	0.061908,
	0.055818,
	0.049477,
	0.042913,
	0.036156,
	0.029238,
	0.022189,
	0.015041,
	0.007828,
	0.000583,
	-0.006662,
	-0.013873,
	-0.021017,
	-0.028062,
	-0.034976,
	-0.041726,
	-0.048282,
	-0.054614,
	-0.060694,
	-0.066492,
	-0.071983,
	-0.077141,
	-0.081944,
	-0.086368,
	-0.090394,
	-0.094003,
	-0.097179,
	-0.099907,
	-0.102174,
	-0.103971,
	-0.105290,
	-0.106123,
	-0.106468,
	-0.106323,
	-0.105689,
	-0.104568,
	-0.102966,
	-0.100890,
	-0.098351,
	-0.095359,
	-0.091929,
	-0.088076,
	-0.083819,
	-0.079176,
	-0.074170,
	-0.068824,
	-0.063163,
	-0.057212,
	-0.050999,
	-0.044553,
	-0.037904,
	-0.031083,
	-0.024121,
	-0.017050,
	-0.009903,
	-0.002714,
	0.004485,
	0.011659,
	0.018777,
	0.025804,
	0.032708,
	0.039458,
	0.046021,
	0.052368,
	0.058469,
	0.064295,
	0.069821,
	0.075019,
	0.079866,
	0.084339,
	0.088418,
	0.092084,
	0.095320,
	0.098110,
	0.100442,
	0.102306,
	0.103691,
	0.104593,
	0.105006,
	0.104929,
	0.104363,
	0.103310,
	0.101775,
	0.099766,
	0.097291,
	0.094363,
	0.090995,
	0.087203,
	0.083005,
	0.078421,
	0.073471,
	0.068180,
	0.062572,
	0.056673,
	0.050511,
	0.044116,
	0.037516,
	0.030743,
	0.023829,
	0.016807,
	0.009708,
	0.002568,
	-0.004582,
	-0.011707,
	-0.018774,
	-0.025750,
	-0.032601,
	-0.039296,
	-0.045804,
	-0.052093,
	-0.058134,
	-0.063898,
	-0.069359,
	-0.074491,
	-0.079269,
	-0.083672,
	-0.087678,
	-0.091269,
	-0.094428,
	-0.097140,
	-0.099391,
	-0.101173,
	-0.102476,
	-0.103294,
	-0.103623,
	-0.103462,
	-0.102812,
	-0.101677,
	-0.100060,
	-0.097970,
	-0.095418,
	-0.092415,
	-0.088975,
	-0.085115,
	-0.080853,
	-0.076210,
	-0.071207,
	-0.065869,
	-0.060220,
	-0.054288,
	-0.048101,
	-0.041688,
	-0.035080,
	-0.028308,
	-0.021404,
	-0.014402,
	-0.007334,
	-0.000234,
	0.006863,
	0.013925,
	0.020918,
	0.027807,
	0.034562,
	0.041148,
	0.047536,
	0.053693,
	0.059592,
	0.065205,
	0.070503,
	0.075462,
	0.080059,
	0.084271,
	0.088079,
	0.091464,
	0.094410,
	0.096903,
	0.098931,
	0.100485,
	0.101557,
	0.102143,
	0.102239,
	0.101845,
	0.100963,
	0.099597,
	0.097754,
	0.095443,
	0.092675,
	0.089463,
	0.085824,
	0.081773,
	0.077332,
	0.072520,
	0.067363,
	0.061883,
	0.056109,
	0.050067,
	0.043786,
	0.037298,
	0.030632,
	0.023823,
	0.016901,
	0.009901,
	0.002856,
	-0.004200,
	-0.011232,
	-0.018207,
	-0.025091,
	-0.031851,
	-0.038454,
	-0.044869,
	-0.051064,
	-0.057009,
	-0.062676,
	-0.068038,
	-0.073068,
	-0.077742,
	-0.082038,
	-0.085935,
	-0.089414,
	-0.092459,
	-0.095054,
	-0.097187,
	-0.098847,
	-0.100028,
	-0.100723,
	-0.100929,
	-0.100644,
	-0.099871,
	-0.098614,
	-0.096877,
	-0.094671,
	-0.092005,
	-0.088893,
	-0.085350,
	-0.081394,
	-0.077042,
	-0.072318,
	-0.067244,
	-0.061844,
	-0.056145,
	-0.050175,
	-0.043962,
	-0.037539,
	-0.030934,
	-0.024182,
	-0.017315,
	-0.010366,
	-0.003369,
	0.003641,
	0.010630,
	0.017564,
	0.024410,
	0.031133,
	0.037701,
	0.044081,
	0.050243,
	0.056156,
	0.061792,
	0.067122,
	0.072121,
	0.076764,
	0.081029,
	0.084895,
	0.088342,
	0.091355,
	0.093917,
	0.096018,
	0.097645,
	0.098792,
	0.099454,
	0.099625,
	0.099307,
	0.098501,
	0.097210,
	0.095441,
	0.093203,
	0.090507,
	0.087366,
	0.083797,
	0.079815,
	0.075442,
	0.070699,
	0.065608,
	0.060197,
	0.054490,
	0.048517,
	0.042307,
	0.035890,
	0.029299,
	0.022566,
	0.015724,
	0.008808,
	0.001850,
	-0.005113,
	-0.012048,
	-0.018921,
	-0.025697,
	-0.032342,
	-0.038825,
	-0.045112,
	-0.051173,
	-0.056977,
	-0.062496,
	-0.067703,
	-0.072571,
	-0.077077,
	-0.081198,
	-0.084914,
	-0.088206,
	-0.091059,
	-0.093457,
	-0.095389,
	-0.096846,
	-0.097820,
	-0.098307,
	-0.098304,
	-0.097812,
	-0.096832,
	-0.095370,
	-0.093433,
	-0.091031,
	-0.088176,
	-0.084882,
	-0.081166,
	-0.077046,
	-0.072543,
	-0.067680,
	-0.062480,
	-0.056971,
	-0.051179,
	-0.045133,
	-0.038864,
	-0.032404,
	-0.025784,
	-0.019038,
	-0.012199,
	-0.005302,
	0.001618,
	0.008528,
	0.015391,
	0.022175,
	0.028844,
	0.035366,
	0.041708,
	0.047837,
	0.053724,
	0.059338,
	0.064651,
	0.069637,
	0.074271,
	0.078530,
	0.082391,
	0.085836,
	0.088848,
	0.091410,
	0.093512,
	0.095141,
	0.096290,
	0.096953,
	0.097127,
	0.096811,
	0.096007,
	0.094718,
	0.092952,
	0.090717,
	0.088025,
	0.084889,
	0.081326,
	0.077353,
	0.072990,
	0.068260,
	0.063187,
	0.057796,
	0.052115,
	0.046172,
	0.039998,
	0.033624,
	0.027082,
	0.020405,
	0.013628,
	0.006785,
	-0.000090,
	-0.006962,
	-0.013795,
	-0.020555,
	-0.027208,
	-0.033720,
	-0.040058,
	-0.046189,
	-0.052083,
	-0.057710,
	-0.063040,
	-0.068048,
	-0.072706,
	-0.076993,
	-0.080885,
	-0.084364,
	-0.087411,
	-0.090012,
	-0.092152,
	-0.093821,
	-0.095010,
	-0.095715,
	-0.095930,
	-0.095655,
	-0.094892,
	-0.093644,
	-0.091918,
	-0.089722,
	-0.087069,
	-0.083972,
	-0.080446,
	-0.076509,
	-0.072183,
	-0.067489,
	-0.062451,
	-0.057095,
	-0.051449,
	-0.045542,
	-0.039403,
	-0.033065,
	-0.026560,
	-0.019921,
	-0.013183,
	-0.006379,
	0.000454,
	0.007281,
	0.014069,
	0.020781,
	0.027384,
	0.033843,
	0.040125,
	0.046198,
	0.052030,
	0.057592,
	0.062855,
	0.067792,
	0.072377,
	0.076587,
	0.080401,
	0.083798,
	0.086761,
	0.089275,
	0.091327,
	0.092906,
	0.094005,
	0.094618,
	0.094741,
	0.094374,
	0.093520,
	0.092182,
	0.090367,
	0.088085,
	0.085349,
	0.082171,
	0.078569,
	0.074562,
	0.070169,
	0.065415,
	0.060323,
	0.054921,
	0.049235,
	0.043297,
	0.037136,
	0.030785,
	0.024277,
	0.017645,
	0.010924,
	0.004150,
	-0.002644,
	-0.009421,
	-0.016146,
	-0.022784,
	-0.029300,
	-0.035662,
	-0.041835,
	-0.047787,
	-0.053488,
	-0.058907,
	-0.064017,
	-0.068791,
	-0.073204,
	-0.077233,
	-0.080857,
	-0.084057,
	-0.086817,
	-0.089122,
	-0.090960,
	-0.092322,
	-0.093200,
	-0.093590,
	-0.093491,
	-0.092902,
	-0.091827,
	-0.090272,
	-0.088244,
	-0.085755,
	-0.082817,
	-0.079446,
	-0.075660,
	-0.071479,
	-0.066924,
	-0.062020,
	-0.056793,
	-0.051269,
	-0.045478,
	-0.039451,
	-0.033219,
	-0.026815,
	-0.020272,
	-0.013626,
	-0.006910,
	-0.000162,
	0.006585,
	0.013295,
	0.019931,
	0.026460,
	0.032847,
	0.039058,
	0.045060,
	0.050822,
	0.056314,
	0.061506,
	0.066371,
	0.070883,
	0.075019,
	0.078758,
	0.082078,
	0.084963,
	0.087397,
	0.089368,
	0.090866,
	0.091882,
	0.092411,
	0.092450,
	0.092000,
	0.091063,
	0.089643,
	0.087748,
	0.085389,
	0.082578,
	0.079330,
	0.075663,
	0.071595,
	0.067149,
	0.062348,
	0.057217,
	0.051785,
	0.046079,
	0.040131,
	0.033972,
	0.027635,
	0.021153,
	0.014562,
	0.007895,
	0.001190,
	-0.005520,
	-0.012197,
	-0.018806,
	-0.025313,
	-0.031681,
	-0.037878,
	-0.043870,
	-0.049626,
	-0.055114,
	-0.060306,
	-0.065173,
	-0.069690,
	-0.073832,
	-0.077579,
	-0.080908,
	-0.083804,
	-0.086249,
	-0.088232,
	-0.089742,
	-0.090771,
	-0.091312,
	-0.091365,
	-0.090927,
	-0.090002,
	-0.088595,
	-0.086714,
	-0.084367,
	-0.081569,
	-0.078334,
	-0.074680,
	-0.070626,
	-0.066194,
	-0.061408,
	-0.056294,
	-0.050879,
	-0.045193,
	-0.039266,
	-0.033130,
	-0.026819,
	-0.020365,
	-0.013805,
	-0.007173,
	-0.000504,
	0.006164,
	0.012796,
	0.019356,
	0.025809,
	0.032121,
	0.038256,
	0.044182,
	0.049867,
	0.055280,
	0.060393,
	0.065177,
	0.069606,
	0.073657,
	0.077308,
	0.080539,
	0.083332,
	0.085674,
	0.087550,
	0.088951,
	0.089870,
	0.090301,
	0.090242,
	0.089694,
	0.088659,
	0.087144,
	0.085157,
	0.082707,
	0.079810,
	0.076480,
	0.072736,
	0.068598,
	0.064089,
	0.059233,
	0.054057,
	0.048589,
	0.042859,
	0.036898,
	0.030738,
	0.024413,
	0.017958,
	0.011408,
	0.004798,
	-0.001835,
	-0.008456,
	-0.015028,
	-0.021515,
	-0.027882,
	-0.034094,
	-0.040117,
	-0.045919,
	-0.051467,
	-0.056732,
	-0.061684,
	-0.066297,
	-0.070546,
	-0.074406,
	-0.077858,
	-0.080882,
	-0.083461,
	-0.085583,
	-0.087234,
	-0.088407,
	-0.089094,
	-0.089293,
	-0.089002,
	-0.088222,
	-0.086958,
	-0.085218,
	-0.083010,
	-0.080347,
	-0.077243,
	-0.073717,
	-0.069786,
	-0.065474,
	-0.060802,
	-0.055799,
	-0.050490,
	-0.044905,
	-0.039075,
	-0.033033,
	-0.026811,
	-0.020444,
	-0.013966,
	-0.007414,
	-0.000824,
	0.005768,
	0.012325,
	0.018812,
	0.025192,
	0.031430,
	0.037492,
	0.043345,
	0.048956,
	0.054293,
	0.059328,
	0.064033,
	0.068382,
	0.072350,
	0.075916,
	0.079061,
	0.081766,
	0.084017,
	0.085801,
	0.087109,
	0.087933,
	0.088269,
	0.088115,
	0.087472,
	0.086344,
	0.084737,
	0.082660,
	0.080124,
	0.077144,
	0.073736,
	0.069920,
	0.065716,
	0.061149,
	0.056243,
	0.051026,
	0.045527,
	0.039776,
	0.033807,
	0.027651,
	0.021343,
	0.014920,
	0.008415,
	0.001867,
	-0.004690,
	-0.011218,
	-0.017680,
	-0.024041,
	-0.030265,
	-0.036318,
	-0.042165,
	-0.047774,
	-0.053113,
	-0.058154,
	-0.062867,
	-0.067226,
	-0.071207,
	-0.074787,
	-0.077948,
	-0.080670,
	-0.082939,
	-0.084742,
	-0.086070,
	-0.086914,
	-0.087270,
	-0.087136,
	-0.086513,
	-0.085405,
	-0.083818,
	-0.081760,
	-0.079243,
	-0.076283,
	-0.072894,
	-0.069097,
	-0.064913,
	-0.060365,
	-0.055479,
	-0.050283,
	-0.044806,
	-0.039079,
	-0.033134,
	-0.027004,
	-0.020725,
	-0.014331,
	-0.007859,
	-0.001345,
	0.005173,
	0.011660,
	0.018078,
	0.024392,
	0.030565,
	0.036563,
	0.042353,
	0.047900,
	0.053174,
	0.058145,
	0.062785,
	0.067068,
	0.070970,
	0.074468,
	0.077543,
	0.080177,
	0.082355,
	0.084066,
	0.085300,
	0.086049,
	0.086310,
	0.086081,
	0.085363,
	0.084161,
	0.082481,
	0.080333,
	0.077730,
	0.074686,
	0.071218,
	0.067347,
	0.063094,
	0.058484,
	0.053543,
	0.048299,
	0.042782,
	0.037024,
	0.031057,
	0.024915,
	0.018634,
	0.012248,
	0.005796,
	-0.000687,
	-0.007163,
	-0.013596,
	-0.019949,
	-0.026185,
	-0.032269,
	-0.038166,
	-0.043843,
	-0.049266,
	-0.054406,
	-0.059233,
	-0.063718,
	-0.067838,
	-0.071567,
	-0.074884,
	-0.077772,
	-0.080213,
	-0.082193,
	-0.083701,
	-0.084728,
	-0.085269,
	-0.085321,
	-0.084883,
	-0.083957,
	-0.082550,
	-0.080670,
	-0.078327,
	-0.075534,
	-0.072309,
	-0.068669,
	-0.064636,
	-0.060232,
	-0.055484,
	-0.050418,
	-0.045063,
	-0.039452,
	-0.033615,
	-0.027587,
	-0.021403,
	-0.015097,
	-0.008707,
	-0.002270,
	0.004178,
	0.010600,
	0.016958,
	0.023215,
	0.029336,
	0.035285,
	0.041027,
	0.046530,
	0.051762,
	0.056693,
	0.061294,
	0.065538,
	0.069401,
	0.072861,
	0.075897,
	0.078493,
	0.080633,
	0.082304,
	0.083498,
	0.084207,
	0.084428,
	0.084159,
	0.083401,
	0.082160,
	0.080442,
	0.078257,
	0.075619,
	0.072542,
	0.069045,
	0.065148,
	0.060874,
	0.056247,
	0.051295,
	0.046046,
	0.040532,
	0.034783,
	0.028834,
	0.022720,
	0.016475,
	0.010137,
	0.003742,
	-0.002672,
	-0.009067,
	-0.015408,
	-0.021656,
	-0.027775,
	-0.033729,
	-0.039484,
	-0.045006,
	-0.050263,
	-0.055224,
	-0.059860,
	-0.064144,
	-0.068051,
	-0.071558,
	-0.074645,
	-0.077294,
	-0.079489,
	-0.081218,
	-0.082469,
	-0.083237,
	-0.083517,
	-0.083307,
	-0.082608,
	-0.081424,
	-0.079763,
	-0.077635,
	-0.075052,
	-0.072028,
	-0.068583,
	-0.064736,
	-0.060510,
	-0.055930,
	-0.051023,
	-0.045817,
	-0.040344,
	-0.034636,
	-0.028726,
	-0.022649,
	-0.016441,
	-0.010139,
	-0.003779,
	0.002600,
	0.008962,
	0.015268,
	0.021482,
	0.027566,
	0.033485,
	0.039205,
	0.044690,
	0.049909,
	0.054832,
	0.059428,
	0.063671,
	0.067536,
	0.071000,
	0.074042,
	0.076645,
	0.078793,
	0.080474,
	0.081678,
	0.082397,
	0.082627,
	0.082368,
	0.081620,
	0.080388,
	0.078681,
	0.076506,
	0.073879,
	0.070814,
	0.067330,
	0.063447,
	0.059188,
	0.054580,
	0.049649,
	0.044424,
	0.038938,
	0.033222,
	0.027310,
	0.021238,
	0.015042,
	0.008759,
	0.002426,
	-0.003918,
	-0.010237,
	-0.016493,
	-0.022647,
	-0.028664,
	-0.034508,
	-0.040144,
	-0.045537,
	-0.050657,
	-0.055472,
	-0.059954,
	-0.064076,
	-0.067813,
	-0.071143,
	-0.074046,
	-0.076506,
	-0.078506,
	-0.080036,
	-0.081086,
	-0.081651,
	-0.081725,
	-0.081311,
	-0.080409,
	-0.079025,
	-0.077168,
	-0.074849,
	-0.072082,
	-0.068883,
	-0.065273,
	-0.061271,
	-0.056904,
	-0.052196,
	-0.047176,
	-0.041875,
	-0.036324,
	-0.030557,
	-0.024608,
	-0.018514,
	-0.012311,
	-0.006035,
	0.000274,
	0.006579,
	0.012841,
	0.019024,
	0.025090,
	0.031003,
	0.036726,
	0.042225,
	0.047467,
	0.052421,
	0.057057,
	0.061346,
	0.065263,
	0.068784,
	0.071888,
	0.074557,
	0.076774,
	0.078525,
	0.079801,
	0.080593,
	0.080898,
	0.080712,
	0.080038,
	0.078879,
	0.077243,
	0.075139,
	0.072581,
	0.069584,
	0.066166,
	0.062347,
	0.058152,
	0.053606,
	0.048736,
	0.043572,
	0.038145,
	0.032488,
	0.026637,
	0.020625,
	0.014491,
	0.008271,
	0.002003,
	-0.004275,
	-0.010525,
	-0.016708,
	-0.022786,
	-0.028724,
	-0.034484,
	-0.040032,
	-0.045334,
	-0.050357,
	-0.055071,
	-0.059447,
	-0.063459,
	-0.067082,
	-0.070294,
	-0.073076,
	-0.075410,
	-0.077282,
	-0.078681,
	-0.079599,
	-0.080029,
	-0.079970,
	-0.079422,
	-0.078388,
	-0.076874,
	-0.074890,
	-0.072449,
	-0.069564,
	-0.066255,
	-0.062540,
	-0.058444,
	-0.053991,
	-0.049208,
	-0.044125,
	-0.038774,
	-0.033186,
	-0.027397,
	-0.021442,
	-0.015357,
	-0.009180,
	-0.002950,
	0.003297,
	0.009520,
	0.015683,
	0.021747,
	0.027675,
	0.033430,
	0.038977,
	0.044282,
	0.049312,
	0.054036,
	0.058425,
	0.062453,
	0.066093,
	0.069325,
	0.072127,
	0.074484,
	0.076379,
	0.077803,
	0.078745,
	0.079200,
	0.079166,
	0.078643,
	0.077633,
	0.076144,
	0.074184,
	0.071766,
	0.068905,
	0.065618,
	0.061926,
	0.057852,
	0.053421,
	0.048661,
	0.043601,
	0.038273,
	0.032709,
	0.026945,
	0.021016,
	0.014958,
	0.008810,
	0.002610,
	-0.003605,
	-0.009794,
	-0.015920,
	-0.021945,
	-0.027831,
	-0.033542,
	-0.039042,
	-0.044297,
	-0.049274,
	-0.053943,
	-0.058274,
	-0.062240,
	-0.065817,
	-0.068982,
	-0.071716,
	-0.074002,
	-0.075826,
	-0.077176,
	-0.078044,
	-0.078424,
	-0.078315,
	-0.077716,
	-0.076633,
	-0.075071,
	-0.073040,
	-0.070554,
	-0.067628,
	-0.064279,
	-0.060530,
	-0.056404,
	-0.051926,
	-0.047125,
	-0.042030,
	-0.036674,
	-0.031091,
	-0.025314,
	-0.019382,
	-0.013330,
	-0.007196,
	-0.001020,
	0.005160,
	0.011305,
	0.017377,
	0.023338,
	0.029150,
	0.034776,
	0.040182,
	0.045333,
	0.050197,
	0.054744,
	0.058944,
	0.062772,
	0.066203,
	0.069217,
	0.071793,
	0.073916,
	0.075573,
	0.076753,
	0.077448,
	0.077655,
	0.077372,
	0.076601,
	0.075347,
	0.073618,
	0.071425,
	0.068782,
	0.065705,
	0.062215,
	0.058332,
	0.054082,
	0.049492,
	0.044591,
	0.039409,
	0.033981,
	0.028339,
	0.022519,
	0.016560,
	0.010498,
	0.004371,
	-0.001780,
	-0.007919,
	-0.014004,
	-0.019999,
	-0.025864,
	-0.031563,
	-0.037060,
	-0.042319,
	-0.047307,
	-0.051993,
	-0.056347,
	-0.060342,
	-0.063951,
	-0.067152,
	-0.069925,
	-0.072252,
	-0.074119,
	-0.075513,
	-0.076426,
	-0.076852,
	-0.076788,
	-0.076235,
	-0.075197,
	-0.073680,
	-0.071693,
	-0.069250,
	-0.066366,
	-0.063060,
	-0.059353,
	-0.055268,
	-0.050832,
	-0.046073,
	-0.041021,
	-0.035710,
	-0.030172,
	-0.024443,
	-0.018560,
	-0.012560,
	-0.006483,
	-0.000366,
	0.005751,
	0.011829,
	0.017828,
	0.023711,
	0.029440,
	0.034978,
	0.040290,
	0.045342,
	0.050100,
	0.054536,
	0.058620,
	0.062326,
	0.065630,
	0.068512,
	0.070952,
	0.072936,
	0.074450,
	0.075486,
	0.076035,
	0.076095,
	0.075665,
	0.074749,
	0.073352,
	0.071483,
	0.069155,
	0.066382,
	0.063182,
	0.059577,
	0.055588,
	0.051243,
	0.046569,
	0.041596,
	0.036357,
	0.030885,
	0.025216,
	0.019386,
	0.013432,
	0.007395,
	0.001312,
	-0.004777,
	-0.010834,
	-0.016817,
	-0.022690,
	-0.028414,
	-0.033951,
	-0.039267,
	-0.044327,
	-0.049097,
	-0.053548,
	-0.057650,
	-0.061377,
	-0.064704,
	-0.067611,
	-0.070078,
	-0.072089,
	-0.073632,
	-0.074696,
	-0.075274,
	-0.075364,
	-0.074964,
	-0.074077,
	-0.072709,
	-0.070869,
	-0.068568,
	-0.065823,
	-0.062650,
	-0.059070,
	-0.055108,
	-0.050788,
	-0.046139,
	-0.041191,
	-0.035977,
	-0.030530,
	-0.024886,
	-0.019082,
	-0.013156,
	-0.007146,
	-0.001092,
	0.004967,
	0.010992,
	0.016942,
	0.022780,
	0.028466,
	0.033965,
	0.039239,
	0.044255,
	0.048979,
	0.053381,
	0.057433,
	0.061106,
	0.064379,
	0.067229,
	0.069637,
	0.071588,
	0.073069,
	0.074071,
	0.074587,
	0.074613,
	0.074150,
	0.073201,
	0.071771,
	0.069871,
	0.067513,
	0.064712,
	0.061487,
	0.057860,
	0.053853,
	0.049494,
	0.044811,
	0.039835,
	0.034599,
	0.029137,
	0.023485,
	0.017681,
	0.011763,
	0.005769,
	-0.000261,
	-0.006286,
	-0.012268,
	-0.018167,
	-0.023944,
	-0.029560,
	-0.034980,
	-0.040167,
	-0.045086,
	-0.049706,
	-0.053996,
	-0.057927,
	-0.061475,
	-0.064614,
	-0.067325,
	-0.069590,
	-0.071394,
	-0.072725,
	-0.073574,
	-0.073935,
	-0.073807,
	-0.073190,
	-0.072088,
	-0.070509,
	-0.068463,
	-0.065964,
	-0.063029,
	-0.059676,
	-0.055929,
	-0.051812,
	-0.047353,
	-0.042581,
	-0.037528,
	-0.032227,
	-0.026715,
	-0.021027,
	-0.015201,
	-0.009276,
	-0.003292,
	0.002712,
	0.008696,
	0.014620,
	0.020444,
	0.026129,
	0.031639,
	0.036936,
	0.041984,
	0.046751,
	0.051205,
	0.055315,
	0.059055,
	0.062399,
	0.065326,
	0.067815,
	0.069851,
	0.071419,
	0.072510,
	0.073116,
	0.073233,
	0.072860,
	0.072000,
	0.070659,
	0.068845,
	0.066572,
	0.063853,
	0.060709,
	0.057158,
	0.053227,
	0.048940,
	0.044326,
	0.039417,
	0.034246,
	0.028847,
	0.023256,
	0.017511,
	0.011651,
	0.005715,
	-0.000257,
	-0.006226,
	-0.012150,
	-0.017991,
	-0.023708,
	-0.029264,
	-0.034621,
	-0.039743,
	-0.044596,
	-0.049147,
	-0.053366,
	-0.057223,
	-0.060694,
	-0.063755,
	-0.066385,
	-0.068566,
	-0.070285,
	-0.071528,
	-0.072289,
	-0.072562,
	-0.072346,
	-0.071640,
	-0.070452,
	-0.068788,
	-0.066660,
	-0.064083,
	-0.061073,
	-0.057652,
	-0.053842,
	-0.049669,
	-0.045162,
	-0.040351,
	-0.035269,
	-0.029950,
	-0.024430,
	-0.018746,
	-0.012938,
	-0.007044,
	-0.001104,
	0.004841,
	0.010750,
	0.016585,
	0.022305,
	0.027872,
	0.033247,
	0.038395,
	0.043280,
	0.047869,
	0.052132,
	0.056038,
	0.059562,
	0.062680,
	0.065370,
	0.067615,
	0.069399,
	0.070710,
	0.071538,
	0.071880,
	0.071732,
	0.071095,
	0.069974,
	0.068376,
	0.066313,
	0.063798,
	0.060849,
	0.057486,
	0.053732,
	0.049613,
	0.045156,
	0.040392,
	0.035355,
	0.030077,
	0.024596,
	0.018949,
	0.013174,
	0.007312,
	0.001401,
	-0.004517,
	-0.010402,
	-0.016213,
	-0.021912,
	-0.027458,
	-0.032814,
	-0.037943,
	-0.042810,
	-0.047382,
	-0.051628,
	-0.055518,
	-0.059025,
	-0.062126,
	-0.064800,
	-0.067027,
	-0.068794,
	-0.070087,
	-0.070898,
	-0.071222,
	-0.071056,
	-0.070401,
	-0.069263,
	-0.067648,
	-0.065569,
	-0.063039,
	-0.060076,
	-0.056700,
	-0.052935,
	-0.048807,
	-0.044344,
	-0.039577,
	-0.034539,
	-0.029264,
	-0.023789,
	-0.018153,
	-0.012393,
	-0.006550,
	-0.000663,
	0.005226,
	0.011076,
	0.016848,
	0.022501,
	0.027997,
	0.033297,
	0.038365,
	0.043166,
	0.047667,
	0.051835,
	0.055644,
	0.059066,
	0.062077,
	0.064657,
	0.066789,
	0.068456,
	0.069649,
	0.070358,
	0.070578,
	0.070309,
	0.069553,
	0.068313,
	0.066600,
	0.064425,
	0.061804,
	0.058753,
	0.055296,
	0.051456,
	0.047259,
	0.042735,
	0.037915,
	0.032833,
	0.027525,
	0.022027,
	0.016378,
	0.010616,
	0.004783,
	-0.001082,
	-0.006936,
	-0.012741,
	-0.018454,
	-0.024037,
	-0.029450,
	-0.034655,
	-0.039617,
	-0.044300,
	-0.048673,
	-0.052703,
	-0.056364,
	-0.059630,
	-0.062478,
	-0.064888,
	-0.066844,
	-0.068331,
	-0.069339,
	-0.069862,
	-0.069896,
	-0.069440,
	-0.068499,
	-0.067077,
	-0.065187,
	-0.062840,
	-0.060053,
	-0.056846,
	-0.053242,
	-0.049266,
	-0.044945,
	-0.040311,
	-0.035395,
	-0.030233,
	-0.024860,
	-0.019314,
	-0.013634,
	-0.007861,
	-0.002035,
	0.003804,
	0.009613,
	0.015353,
	0.020983,
	0.026464,
	0.031755,
	0.036822,
	0.041627,
	0.046137,
	0.050321,
	0.054148,
	0.057592,
	0.060629,
	0.063237,
	0.065397,
	0.067096,
	0.068320,
	0.069062,
	0.069315,
	0.069079,
	0.068355,
	0.067148,
	0.065467,
	0.063323,
	0.060733,
	0.057713,
	0.054287,
	0.050477,
	0.046312,
	0.041820,
	0.037033,
	0.031986,
	0.026714,
	0.021255,
	0.015647,
	0.009930,
	0.004144,
	-0.001669,
	-0.007467,
	-0.013211,
	-0.018859,
	-0.024371,
	-0.029708,
	-0.034832,
	-0.039706,
	-0.044297,
	-0.048571,
	-0.052498,
	-0.056050,
	-0.059202,
	-0.061932,
	-0.064220,
	-0.066050,
	-0.067409,
	-0.068287,
	-0.068679,
	-0.068580,
	-0.067993,
	-0.066922,
	-0.065373,
	-0.063359,
	-0.060894,
	-0.057994,
	-0.054682,
	-0.050981,
	-0.046916,
	-0.042518,
	-0.037818,
	-0.032850,
	-0.027648,
	-0.022250,
	-0.016695,
	-0.011023,
	-0.005274,
	0.000511,
	0.006290,
	0.012022,
	0.017666,
	0.023181,
	0.028528,
	0.033669,
	0.038567,
	0.043186,
	0.047494,
	0.051459,
	0.055054,
	0.058253,
	0.061032,
	0.063372,
	0.065256,
	0.066670,
	0.067605,
	0.068054,
	0.068013,
	0.067483,
	0.066468,
	0.064975,
	0.063015,
	0.060602,
	0.057754,
	0.054491,
	0.050836,
	0.046816,
	0.042461,
	0.037801,
	0.032870,
	0.027704,
	0.022340,
	0.016816,
	0.011174,
	0.005452,
	-0.000307,
	-0.006061,
	-0.011770,
	-0.017391,
	-0.022885,
	-0.028212,
	-0.033333,
	-0.038210,
	-0.042810,
	-0.047098,
	-0.051044,
	-0.054619,
	-0.057797,
	-0.060556,
	-0.062875,
	-0.064737,
	-0.066130,
	-0.067043,
	-0.067469,
	-0.067406,
	-0.066854,
	-0.065817,
	-0.064302,
	-0.062322,
	-0.059889,
	-0.057023,
	-0.053743,
	-0.050074,
	-0.046042,
	-0.041677,
	-0.037011,
	-0.032077,
	-0.026911,
	-0.021551,
	-0.016037,
	-0.010407,
	-0.004704,
	0.001031,
	0.006757,
	0.012432,
	0.018014,
	0.023462,
	0.028738,
	0.033802,
	0.038618,
	0.043150,
	0.047366,
	0.051234,
	0.054727,
	0.057819,
	0.060488,
	0.062713,
	0.064480,
	0.065774,
	0.066587,
	0.066913,
	0.066749,
	0.066096,
	0.064960,
	0.063349,
	0.061274,
	0.058752,
	0.055800,
	0.052440,
	0.048696,
	0.044598,
	0.040173,
	0.035455,
	0.030479,
	0.025281,
	0.019900,
	0.014374,
	0.008744,
	0.003053,
	-0.002660,
	-0.008350,
	-0.013977,
	-0.019500,
	-0.024877,
	-0.030069,
	-0.035038,
	-0.039748,
	-0.044163,
	-0.048252,
	-0.051984,
	-0.055332,
	-0.058270,
	-0.060779,
	-0.062838,
	-0.064434,
	-0.065553,
	-0.066189,
	-0.066336,
	-0.065994,
	-0.065164,
	-0.063854,
	-0.062073,
	-0.059834,
	-0.057153,
	-0.054051,
	-0.050551,
	-0.046678,
	-0.042461,
	-0.037932,
	-0.033123,
	-0.028071,
	-0.022814,
	-0.017389,
	-0.011837,
	-0.006199,
	-0.000518,
	0.005165,
	0.010808,
	0.016369,
	0.021807,
	0.027081,
	0.032152,
	0.036983,
	0.041537,
	0.045782,
	0.049685,
	0.053217,
	0.056353,
	0.059069,
	0.061345,
	0.063164,
	0.064513,
	0.065381,
	0.065763,
	0.065655,
	0.065059,
	0.063978,
	0.062421,
	0.060400,
	0.057929,
	0.055028,
	0.051717,
	0.048022,
	0.043970,
	0.039592,
	0.034919,
	0.029988,
	0.024834,
	0.019497,
	0.014017,
	0.008433,
	0.002789,
	-0.002875,
	-0.008515,
	-0.014089,
	-0.019556,
	-0.024875,
	-0.030006,
	-0.034911,
	-0.039552,
	-0.043896,
	-0.047909,
	-0.051563,
	-0.054828,
	-0.057682,
	-0.060102,
	-0.062071,
	-0.063573,
	-0.064598,
	-0.065139,
	-0.065190,
	-0.064752,
	-0.063827,
	-0.062424,
	-0.060552,
	-0.058226,
	-0.055464,
	-0.052285,
	-0.048714,
	-0.044779,
	-0.040508,
	-0.035933,
	-0.031090,
	-0.026014,
	-0.020744,
	-0.015320,
	-0.009783,
	-0.004173,
	0.001466,
	0.007091,
	0.012662,
	0.018135,
	0.023469,
	0.028625,
	0.033562,
	0.038245,
	0.042637,
	0.046706,
	0.050420,
	0.053752,
	0.056677,
	0.059173,
	0.061220,
	0.062803,
	0.063911,
	0.064535,
	0.064671,
	0.064317,
	0.063476,
	0.062155,
	0.060363,
	0.058115,
	0.055427,
	0.052320,
	0.048817,
	0.044946,
	0.040734,
	0.036216,
	0.031424,
	0.026395,
	0.021167,
	0.015781,
	0.010277,
	0.004696,
	-0.000918,
	-0.006524,
	-0.012077,
	-0.017538,
	-0.022862,
	-0.028011,
	-0.032945,
	-0.037627,
	-0.042021,
	-0.046093,
	-0.049812,
	-0.053151,
	-0.056084,
	-0.058588,
	-0.060645,
	-0.062238,
	-0.063357,
	-0.063991,
	-0.064137,
	-0.063794,
	-0.062964,
	-0.061653,
	-0.059871,
	-0.057633,
	-0.054956,
	-0.051859,
	-0.048367,
	-0.044507,
	-0.040307,
	-0.035800,
	-0.031021,
	-0.026007,
	-0.020795,
	-0.015425,
	-0.009939,
	-0.004379,
	0.001212,
	0.006793,
	0.012319,
	0.017749,
	0.023041,
	0.028155,
	0.033050,
	0.037691,
	0.042040,
	0.046065,
	0.049735,
	0.053022,
	0.055900,
	0.058348,
	0.060346,
	0.061880,
	0.062937,
	0.063510,
	0.063594,
	0.063188,
	0.062296,
	0.060925,
	0.059086,
	0.056791,
	0.054060,
	0.050914,
	0.047376,
	0.043474,
	0.039238,
	0.034701,
	0.029898,
	0.024865,
	0.019643,
	0.014270,
	0.008790,
	0.003243,
	-0.002327,
	-0.007877,
	-0.013364,
	-0.018746,
	-0.023981,
	-0.029029,
	-0.033850,
	-0.038408,
	-0.042668,
	-0.046595,
	-0.050160,
	-0.053336,
	-0.056097,
	-0.058423,
	-0.060295,
	-0.061699,
	-0.062624,
	-0.063063,
	-0.063013,
	-0.062474,
	-0.061450,
	-0.059949,
	-0.057984,
	-0.055569,
	-0.052723,
	-0.049469,
	-0.045831,
	-0.041838,
	-0.037521,
	-0.032914,
	-0.028052,
	-0.022974,
	-0.017719,
	-0.012328,
	-0.006842,
	-0.001305,
	0.004240,
	0.009750,
	0.015182,
	0.020494,
	0.025645,
	0.030594,
	0.035302,
	0.039733,
	0.043853,
	0.047629,
	0.051032,
	0.054036,
	0.056616,
	0.058753,
	0.060431,
	0.061635,
	0.062357,
	0.062591,
	0.062336,
	0.061593,
	0.060369,
	0.058672,
	0.056517,
	0.053920,
	0.050901,
	0.047485,
	0.043698,
	0.039569,
	0.035132,
	0.030421,
	0.025473,
	0.020327,
	0.015023,
	0.009603,
	0.004110,
	-0.001414,
	-0.006925,
	-0.012379,
	-0.017735,
	-0.022949,
	-0.027981,
	-0.032792,
	-0.037343,
	-0.041598,
	-0.045525,
	-0.049092,
	-0.052272,
	-0.055039,
	-0.057372,
	-0.059252,
	-0.060665,
	-0.061599,
	-0.062047,
	-0.062006,
	-0.061476,
	-0.060461,
	-0.058970,
	-0.057014,
	-0.054609,
	-0.051773,
	-0.048530,
	-0.044904,
	-0.040925,
	-0.036624,
	-0.032035,
	-0.027194,
	-0.022140,
	-0.016912,
	-0.011553,
	-0.006104,
	-0.000608,
	0.004890,
	0.010348,
	0.015722,
	0.020970,
	0.026050,
	0.030922,
	0.035547,
	0.039888,
	0.043912,
	0.047586,
	0.050881,
	0.053772,
	0.056234,
	0.058250,
	0.059802,
	0.060879,
	0.061471,
	0.061575,
	0.061190,
	0.060318,
	0.058967,
	0.057148,
	0.054874,
	0.052165,
	0.049041,
	0.045528,
	0.041654,
	0.037449,
	0.032948,
	0.028185,
	0.023199,
	0.018031,
	0.012720,
	0.007309,
	0.001843,
	-0.003637,
	-0.009086,
	-0.014461,
	-0.019718,
	-0.024816,
	-0.029714,
	-0.034373,
	-0.038756,
	-0.042827,
	-0.046555,
	-0.049909,
	-0.052863,
	-0.055393,
	-0.057479,
	-0.059104,
	-0.060256,
	-0.060925,
	-0.061105,
	-0.060796,
	-0.060000,
	-0.058723,
	-0.056976,
	-0.054773,
	-0.052131,
	-0.049072,
	-0.045621,
	-0.041804,
	-0.037653,
	-0.033201,
	-0.028485,
	-0.023540,
	-0.018409,
	-0.013131,
	-0.007750,
	-0.002308,
	0.003151,
	0.008583,
	0.013943,
	0.019190,
	0.024280,
	0.029174,
	0.033830,
	0.038213,
	0.042286,
	0.046018,
	0.049377,
	0.052337,
	0.054874,
	0.056968,
	0.058601,
	0.059761,
	0.060438,
	0.060628,
	0.060327,
	0.059540,
	0.058272,
	0.056534,
	0.054339,
	0.051706,
	0.048656,
	0.045213,
	0.041406,
	0.037265,
	0.032824,
	0.028119,
	0.023188,
	0.018070,
	0.012808,
	0.007444,
	0.002022,
	-0.003415,
	-0.008823,
	-0.014157,
	-0.019374,
	-0.024433,
	-0.029292,
	-0.033911,
	-0.038254,
	-0.042284,
	-0.045970,
	-0.049281,
	-0.052191,
	-0.054676,
	-0.056715,
	-0.058293,
	-0.059396,
	-0.060015,
	-0.060146,
	-0.059788,
	-0.058943,
	-0.057619,
	-0.055826,
	-0.053579,
	-0.050896,
	-0.047799,
	-0.044314,
	-0.040469,
	-0.036295,
	-0.031827,
	-0.027100,
	-0.022154,
	-0.017029,
	-0.011766,
	-0.006410,
	-0.001002,
	0.004411,
	0.009787,
	0.015081,
	0.020250,
	0.025252,
	0.030046,
	0.034592,
	0.038854,
	0.042796,
	0.046387,
	0.049597,
	0.052400,
	0.054773,
	0.056696,
	0.058154,
	0.059135,
	0.059631,
	0.059638,
	0.059156,
	0.058188,
	0.056744,
	0.054835,
	0.052476,
	0.049687,
	0.046491,
	0.042914,
	0.038986,
	0.034739,
	0.030208,
	0.025430,
	0.020444,
	0.015292,
	0.010016,
	0.004659,
	-0.000734,
	-0.006120,
	-0.011453,
	-0.016690,
	-0.021788,
	-0.026705,
	-0.031400,
	-0.035835,
	-0.039972,
	-0.043779,
	-0.047224,
	-0.050277,
	-0.052915,
	-0.055115,
	-0.056860,
	-0.058134,
	-0.058928,
	-0.059235,
	-0.059052,
	-0.058381,
	-0.057228,
	-0.055603,
	-0.053517,
	-0.050990,
	-0.048042,
	-0.044697,
	-0.040984,
	-0.036932,
	-0.032576,
	-0.027952,
	-0.023097,
	-0.018053,
	-0.012860,
	-0.007563,
	-0.002205,
	0.003169,
	0.008516,
	0.013790,
	0.018948,
	0.023947,
	0.028745,
	0.033303,
	0.037583,
	0.041550,
	0.045169,
	0.048412,
	0.051252,
	0.053664,
	0.055629,
	0.057131,
	0.058157,
	0.058699,
	0.058751,
	0.058315,
	0.057393,
	0.055993,
	0.054127,
	0.051810,
	0.049063,
	0.045907,
	0.042370,
	0.038480,
	0.034271,
	0.029777,
	0.025035,
	0.020087,
	0.014972,
	0.009734,
	0.004417,
	-0.000936,
	-0.006279,
	-0.011568,
	-0.016759,
	-0.021807,
	-0.026671,
	-0.031311,
	-0.035687,
	-0.039763,
	-0.043505,
	-0.046881,
	-0.049863,
	-0.052427,
	-0.054550,
	-0.056216,
	-0.057409,
	-0.058121,
	-0.058345,
	-0.058080,
	-0.057327,
	-0.056094,
	-0.054390,
	-0.052230,
	-0.049632,
	-0.046618,
	-0.043213,
	-0.039446,
	-0.035349,
	-0.030956,
	-0.026304,
	-0.021432,
	-0.016382,
	-0.011196,
	-0.005917,
	-0.000590,
	0.004740,
	0.010029,
	0.015231,
	0.020304,
	0.025203,
	0.029889,
	0.034320,
	0.038461,
	0.042277,
	0.045734,
	0.048804,
	0.051461,
	0.053683,
	0.055451,
	0.056750,
	0.057569,
	0.057901,
	0.057744,
	0.057099,
	0.055971,
	0.054371,
	0.052310,
	0.049808,
	0.046885,
	0.043567,
	0.039880,
	0.035857,
	0.031532,
	0.026941,
	0.022123,
	0.017119,
	0.011972,
	0.006725,
	0.001422,
	-0.003891,
	-0.009169,
	-0.014367,
	-0.019442,
	-0.024350,
	-0.029049,
	-0.033501,
	-0.037666,
	-0.041510,
	-0.045000,
	-0.048106,
	-0.050802,
	-0.053065,
	-0.054875,
	-0.056219,
	-0.057083,
	-0.057461,
	-0.057350,
	-0.056750,
	-0.055667,
	-0.054111,
	-0.052093,
	-0.049632,
	-0.046749,
	-0.043468,
	-0.039818,
	-0.035829,
	-0.031535,
	-0.026974,
	-0.022184,
	-0.017206,
	-0.012083,
	-0.006858,
	-0.001577,
	0.003717,
	0.008977,
	0.014158,
	0.019217,
	0.024109,
	0.028794,
	0.033231,
	0.037382,
	0.041211,
	0.044687,
	0.047778,
	0.050459,
	0.052707,
	0.054503,
	0.055831,
	0.056679,
	0.057041,
	0.056914,
	0.056299,
	0.055201,
	0.053629,
	0.051597,
	0.049123,
	0.046228,
	0.042936,
	0.039277,
	0.035282,
	0.030984,
	0.026421,
	0.021633,
	0.016660,
	0.011546,
	0.006333,
	0.001068,
	-0.004204,
	-0.009439,
	-0.014591,
	-0.019615,
	-0.024469,
	-0.029110,
	-0.033499,
	-0.037597,
	-0.041370,
	-0.044785,
	-0.047812,
	-0.050425,
	-0.052603,
	-0.054326,
