	-0.055579,
	-0.056351,
	-0.056636,
	-0.056432,
	-0.055741,
	-0.054567,
	-0.052922,
	-0.050820,
	-0.048279,
	-0.045322,
	-0.041972,
	-0.038261,
	-0.034220,
	-0.029883,
	-0.025289,
	-0.020478,
	-0.015491,
	-0.010371,
	-0.005162,
	0.000089,
	0.005338,
	0.010539,
	0.015646,
	0.020617,
	0.025406,
	0.029974,
	0.034280,
	0.038286,
	0.041959,
	0.045266,
	0.048178,
	0.050671,
	0.052722,
	0.054314,
	0.055433,
	0.056069,
	0.056217,
	0.055876,
	0.055048,
	0.053741,
	0.051967,
	0.049740,
	0.047081,
	0.044012,
	0.040561,
	0.036756,
	0.032633,
	0.028226,
	0.023575,
	0.018719,
	0.013701,
	0.008565,
	0.003356,
	-0.001880,
	-0.007098,
	-0.012253,
	-0.017299,
	-0.022192,
	-0.026889,
	-0.031350,
	-0.035535,
	-0.039408,
	-0.042934,
	-0.046084,
	-0.048829,
	-0.051146,
	-0.053014,
	-0.054416,
	-0.055342,
	-0.055782,
	-0.055733,
	-0.055195,
	-0.054174,
	-0.052677,
	-0.050719,
	-0.048316,
	-0.045490,
	-0.042266,
	-0.038671,
	-0.034738,
	-0.030501,
	-0.025997,
	-0.021266,
	-0.016350,
	-0.011291,
	-0.006135,
	-0.000927,
	0.004288,
	0.009463,
	0.014554,
	0.019515,
	0.024302,
	0.028874,
	0.033189,
	0.037211,
	0.040904,
	0.044235,
	0.047175,
	0.049698,
	0.051781,
	0.053407,
	0.054561,
	0.055233,
	0.055418,
	0.055113,
	0.054321,
	0.053049,
	0.051310,
	0.049117,
	0.046491,
	0.043454,
	0.040034,
	0.036261,
	0.032169,
	0.027793,
	0.023173,
	0.018349,
	0.013363,
	0.008262,
	0.003088,
	-0.002111,
	-0.007289,
	-0.012402,
	-0.017403,
	-0.022248,
	-0.026893,
	-0.031299,
	-0.035426,
	-0.039237,
	-0.042698,
	-0.045779,
	-0.048453,
	-0.050695,
	-0.052486,
	-0.053810,
	-0.054655,
	-0.055014,
	-0.054884,
	-0.054265,
	-0.053164,
	-0.051590,
	-0.049558,
	-0.047084,
	-0.044193,
	-0.040909,
	-0.037261,
	-0.033282,
	-0.029009,
	-0.024478,
	-0.019730,
	-0.014807,
	-0.009755,
	-0.004617,
	0.000561,
	0.005732,
	0.010850,
	0.015870,
	0.020747,
	0.025436,
	0.029897,
	0.034089,
	0.037975,
	0.041520,
	0.044693,
	0.047465,
	0.049812,
	0.051712,
	0.053148,
	0.054109,
	0.054584,
	0.054571,
	0.054069,
	0.053082,
	0.051620,
	0.049696,
	0.047327,
	0.044535,
	0.041343,
	0.037782,
	0.033883,
	0.029681,
	0.025215,
	0.020523,
	0.015648,
	0.010634,
	0.005527,
	0.000371,
	-0.004786,
	-0.009899,
	-0.014921,
	-0.019807,
	-0.024514,
	-0.028998,
	-0.033220,
	-0.037142,
	-0.040728,
	-0.043946,
	-0.046767,
	-0.049166,
	-0.051121,
	-0.052615,
	-0.053634,
	-0.054169,
	-0.054216,
	-0.053773,
	-0.052845,
	-0.051441,
	-0.049573,
	-0.047258,
	-0.044517,
	-0.041374,
	-0.037859,
	-0.034003,
	-0.029841,
	-0.025410,
	-0.020751,
	-0.015906,
	-0.010919,
	-0.005834,
	-0.000698,
	0.004442,
	0.009541,
	0.014552,
	0.019429,
	0.024129,
	0.028608,
	0.032827,
	0.036747,
	0.040333,
	0.043552,
	0.046374,
	0.048775,
	0.050733,
	0.052230,
	0.053252,
	0.053790,
	0.053839,
	0.053400,
	0.052475,
	0.051074,
	0.049209,
	0.046897,
	0.044160,
	0.041022,
	0.037511,
	0.033661,
	0.029505,
	0.025082,
	0.020432,
	0.015597,
	0.010622,
	0.005552,
	0.000433,
	-0.004689,
	-0.009766,
	-0.014753,
	-0.019603,
	-0.024273,
	-0.028720,
	-0.032904,
	-0.036786,
	-0.040331,
	-0.043506,
	-0.046283,
	-0.048637,
	-0.050545,
	-0.051991,
	-0.052961,
	-0.053446,
	-0.053443,
	-0.052951,
	-0.051974,
	-0.050522,
	-0.048608,
	-0.046250,
	-0.043469,
	-0.040291,
	-0.036745,
	-0.032863,
	-0.028681,
	-0.024238,
	-0.019574,
	-0.014732,
	-0.009756,
	-0.004692,
	0.000413,
	0.005513,
	0.010560,
	0.015509,
	0.020314,
	0.024931,
	0.029317,
	0.033433,
	0.037240,
	0.040703,
	0.043791,
	0.046476,
	0.048732,
	0.050538,
	0.051880,
	0.052743,
	0.053120,
	0.053008,
	0.052408,
	0.051326,
	0.049771,
	0.047757,
	0.045304,
	0.042434,
	0.039174,
	0.035553,
	0.031605,
	0.027367,
	0.022878,
	0.018179,
	0.013314,
	0.008327,
	0.003265,
	-0.001826,
	-0.006899,
	-0.011905,
	-0.016801,
	-0.021539,
	-0.026077,
	-0.030372,
	-0.034384,
	-0.038078,
	-0.041417,
	-0.044372,
	-0.046915,
	-0.049023,
	-0.050676,
	-0.051859,
	-0.052561,
	-0.052775,
	-0.052500,
	-0.051738,
	-0.050497,
	-0.048787,
	-0.046625,
	-0.044031,
	-0.041029,
	-0.037647,
	-0.033917,
	-0.029872,
	-0.025551,
	-0.020995,
	-0.016244,
	-0.011344,
	-0.006340,
	-0.001278,
	0.003794,
	0.008828,
	0.013780,
	0.018601,
	0.023248,
	0.027676,
	0.031846,
	0.035717,
	0.039255,
	0.042425,
	0.045199,
	0.047550,
	0.049458,
	0.050903,
	0.051873,
	0.052359,
	0.052356,
	0.051864,
	0.050887,
	0.049436,
	0.047524,
	0.045168,
	0.042390,
	0.039217,
	0.035679,
	0.031808,
	0.027640,
	0.023216,
	0.018575,
	0.013762,
	0.008822,
	0.003801,
	-0.001255,
	-0.006297,
	-0.011278,
	-0.016152,
	-0.020873,
	-0.025398,
	-0.029682,
	-0.033687,
	-0.037374,
	-0.040710,
	-0.043663,
	-0.046205,
	-0.048312,
	-0.049965,
	-0.051148,
	-0.051850,
	-0.052065,
	-0.051790,
	-0.051029,
	-0.049788,
	-0.048079,
	-0.045919,
	-0.043327,
	-0.040328,
	-0.036951,
	-0.033227,
	-0.029191,
	-0.024882,
	-0.020339,
	-0.015606,
	-0.010728,
	-0.005750,
	-0.000720,
	0.004316,
	0.009310,
	0.014214,
	0.018982,
	0.023570,
	0.027934,
	0.032033,
	0.035828,
	0.039284,
	0.042367,
	0.045049,
	0.047305,
	0.049112,
	0.050455,
	0.051320,
	0.051699,
	0.051589,
	0.050991,
	0.049911,
	0.048358,
	0.046348,
	0.043900,
	0.041037,
	0.037785,
	0.034177,
	0.030246,
	0.026029,
	0.021567,
	0.016902,
	0.012077,
	0.007140,
	0.002136,
	-0.002886,
	-0.007879,
	-0.012796,
	-0.017590,
	-0.022215,
	-0.026628,
	-0.030787,
	-0.034651,
	-0.038185,
	-0.041354,
	-0.044130,
	-0.046484,
	-0.048396,
	-0.049846,
	-0.050821,
	-0.051312,
	-0.051314,
	-0.050828,
	-0.049857,
	-0.048412,
	-0.046506,
	-0.044156,
	-0.041387,
	-0.038224,
	-0.034697,
	-0.030840,
	-0.026690,
	-0.022286,
	-0.017671,
	-0.012889,
	-0.007985,
	-0.003007,
	0.001999,
	0.006984,
	0.011901,
	0.016703,
	0.021343,
	0.025778,
	0.029964,
	0.033863,
	0.037437,
	0.040651,
	0.043474,
	0.045881,
	0.047847,
	0.049355,
	0.050389,
	0.050939,
	0.051002,
	0.050575,
	0.049663,
	0.048275,
	0.046425,
	0.044129,
	0.041411,
	0.038296,
	0.034814,
	0.030999,
	0.026888,
	0.022519,
	0.017935,
	0.013180,
	0.008300,
	0.003342,
	-0.001647,
	-0.006618,
	-0.011525,
	-0.016319,
	-0.020954,
	-0.025386,
	-0.029572,
	-0.033473,
	-0.037049,
	-0.040268,
	-0.043097,
	-0.045510,
	-0.047484,
	-0.048999,
	-0.050041,
	-0.050600,
	-0.050670,
	-0.050252,
	-0.049348,
	-0.047968,
	-0.046126,
	-0.043838,
	-0.041128,
	-0.038021,
	-0.034548,
	-0.030741,
	-0.026639,
	-0.022280,
	-0.017707,
	-0.012964,
	-0.008097,
	-0.003154,
	0.001819,
	0.006773,
	0.011659,
	0.016431,
	0.021043,
	0.025449,
	0.029607,
	0.033476,
	0.037020,
	0.040204,
	0.042997,
	0.045372,
	0.047305,
	0.048779,
	0.049779,
	0.050296,
	0.050323,
	0.049862,
	0.048916,
	0.047495,
	0.045613,
	0.043289,
	0.040543,
	0.037405,
	0.033903,
	0.030073,
	0.025951,
	0.021578,
	0.016996,
	0.012250,
	0.007386,
	0.002451,
	-0.002505,
	-0.007436,
	-0.012293,
	-0.017029,
	-0.021597,
	-0.025952,
	-0.030054,
	-0.033861,
	-0.037336,
	-0.040446,
	-0.043159,
	-0.045451,
	-0.047298,
	-0.048682,
	-0.049590,
	-0.050013,
	-0.049947,
	-0.049392,
	-0.048355,
	-0.046845,
	-0.044877,
	-0.042471,
	-0.039650,
	-0.036441,
	-0.032877,
	-0.028991,
	-0.024823,
	-0.020413,
	-0.015804,
	-0.011042,
	-0.006172,
	-0.001244,
	0.003695,
	0.008596,
	0.013411,
	0.018093,
	0.022596,
	0.026876,
	0.030891,
	0.034601,
	0.037970,
	0.040965,
	0.043557,
	0.045719,
	0.047431,
	0.048677,
	0.049443,
	0.049723,
	0.049513,
	0.048816,
	0.047639,
	0.045993,
	0.043894,
	0.041364,
	0.038428,
	0.035113,
	0.031453,
	0.027485,
	0.023247,
	0.018780,
	0.014130,
	0.009342,
	0.004463,
	-0.000458,
	-0.005374,
	-0.010235,
	-0.014993,
	-0.019602,
	-0.024015,
	-0.028190,
	-0.032086,
	-0.035662,
	-0.038885,
	-0.041723,
	-0.044147,
	-0.046133,
	-0.047663,
	-0.048720,
	-0.049294,
	-0.049381,
	-0.048978,
	-0.048090,
	-0.046726,
	-0.044899,
	-0.042628,
	-0.039935,
	-0.036847,
	-0.033395,
	-0.029612,
	-0.025536,
	-0.021208,
	-0.016672,
	-0.011971,
	-0.007152,
	-0.002264,
	0.002645,
	0.007526,
	0.012331,
	0.017012,
	0.021522,
	0.025818,
	0.029854,
	0.033593,
	0.036997,
	0.040031,
	0.042666,
	0.044875,
	0.046637,
	0.047933,
	0.048752,
	0.049085,
	0.048929,
	0.048285,
	0.047159,
	0.045564,
	0.043515,
	0.041032,
	0.038141,
	0.034870,
	0.031252,
	0.027323,
	0.023123,
	0.018692,
	0.014077,
	0.009322,
	0.004475,
	-0.000415,
	-0.005299,
	-0.010129,
	-0.014856,
	-0.019433,
	-0.023814,
	-0.027956,
	-0.031816,
	-0.035357,
	-0.038543,
	-0.041341,
	-0.043725,
	-0.045670,
	-0.047156,
	-0.048169,
	-0.048700,
	-0.048741,
	-0.048294,
	-0.047362,
	-0.045956,
	-0.044089,
	-0.041779,
	-0.039051,
	-0.035932,
	-0.032452,
	-0.028648,
	-0.024557,
	-0.020220,
	-0.015682,
	-0.010987,
	-0.006183,
	-0.001319,
	0.003558,
	0.008397,
	0.013150,
	0.017770,
	0.022209,
	0.026423,
	0.030370,
	0.034009,
	0.037305,
	0.040224,
	0.042736,
	0.044817,
	0.046445,
	0.047605,
	0.048284,
	0.048475,
	0.048177,
	0.047393,
	0.046130,
	0.044402,
	0.042227,
	0.039625,
	0.036623,
	0.033253,
	0.029547,
	0.025544,
	0.021283,
	0.016809,
	0.012166,
	0.007401,
	0.002563,
	-0.002300,
	-0.007138,
	-0.011903,
	-0.016545,
	-0.021018,
	-0.025277,
	-0.029279,
	-0.032982,
	-0.036350,
	-0.039349,
	-0.041947,
	-0.044119,
	-0.045843,
	-0.047101,
	-0.047880,
	-0.048174,
	-0.047977,
	-0.047294,
	-0.046130,
	-0.044498,
	-0.042414,
	-0.039900,
	-0.036981,
	-0.033687,
	-0.030050,
	-0.026110,
	-0.021905,
	-0.017478,
	-0.012874,
	-0.008141,
	-0.003327,
	0.001520,
	0.006350,
	0.011114,
	0.015764,
	0.020251,
	0.024530,
	0.028558,
	0.032293,
	0.035698,
	0.038738,
	0.041381,
	0.043601,
	0.045376,
	0.046686,
	0.047519,
	0.047867,
	0.047725,
	0.047096,
	0.045985,
	0.044405,
	0.042371,
	0.039904,
	0.037030,
	0.033778,
	0.030181,
	0.026276,
	0.022103,
	0.017705,
	0.013127,
	0.008417,
	0.003621,
	-0.001211,
	-0.006028,
	-0.010783,
	-0.015425,
	-0.019908,
	-0.024185,
	-0.028213,
	-0.031950,
	-0.035358,
	-0.038401,
	-0.041050,
	-0.043277,
	-0.045058,
	-0.046375,
	-0.047216,
	-0.047571,
	-0.047437,
	-0.046815,
	-0.045712,
	-0.044139,
	-0.042112,
	-0.039652,
	-0.036785,
	-0.033541,
	-0.029951,
	-0.026055,
	-0.021891,
	-0.017503,
	-0.012936,
	-0.008237,
	-0.003454,
	0.001363,
	0.006164,
	0.010901,
	0.015523,
	0.019984,
	0.024237,
	0.028239,
	0.031948,
	0.035326,
	0.038338,
	0.040953,
	0.043144,
	0.044889,
	0.046169,
	0.046971,
	0.047287,
	0.047114,
	0.046454,
	0.045313,
	0.043703,
	0.041641,
	0.039149,
	0.036252,
	0.032981,
	0.029369,
	0.025453,
	0.021275,
	0.016878,
	0.012307,
	0.007609,
	0.002834,
	-0.001969,
	-0.006750,
	-0.011459,
	-0.016048,
	-0.020470,
	-0.024677,
	-0.028627,
	-0.032278,
	-0.035593,
	-0.038537,
	-0.041079,
	-0.043193,
	-0.044858,
	-0.046056,
	-0.046774,
	-0.047005,
	-0.046747,
	-0.046002,
	-0.044779,
	-0.043090,
	-0.040952,
	-0.038388,
	-0.035426,
	-0.032094,
	-0.028430,
	-0.024470,
	-0.020256,
	-0.015832,
	-0.011244,
	-0.006540,
	-0.001769,
	0.003019,
	0.007773,
	0.012446,
	0.016986,
	0.021349,
	0.025486,
	0.029356,
	0.032919,
	0.036136,
	0.038974,
	0.041403,
	0.043399,
	0.044941,
	0.046011,
	0.046599,
	0.046700,
	0.046311,
	0.045438,
	0.044089,
	0.042278,
	0.040025,
	0.037353,
	0.034290,
	0.030869,
	0.027124,
	0.023097,
	0.018828,
	0.014363,
	0.009749,
	0.005033,
	0.000266,
	-0.004502,
	-0.009222,
	-0.013843,
	-0.018318,
	-0.022598,
	-0.026640,
	-0.030401,
	-0.033840,
	-0.036923,
	-0.039617,
	-0.041892,
	-0.043727,
	-0.045100,
	-0.045998,
	-0.046412,
	-0.046336,
	-0.045772,
	-0.044727,
	-0.043210,
	-0.041238,
	-0.038832,
	-0.036017,
	-0.032823,
	-0.029284,
	-0.025437,
	-0.021322,
	-0.016984,
	-0.012468,
	-0.007821,
	-0.003093,
	0.001666,
	0.006406,
	0.011077,
	0.015630,
	0.020016,
	0.024189,
	0.028105,
	0.031723,
	0.035004,
	0.037913,
	0.040421,
	0.042499,
	0.044127,
	0.045288,
	0.045968,
	0.046161,
	0.045865,
	0.045082,
	0.043823,
	0.042098,
	0.039928,
	0.037335,
	0.034347,
	0.030995,
	0.027315,
	0.023346,
	0.019131,
	0.014713,
	0.010141,
	0.005462,
	0.000726,
	-0.004015,
	-0.008713,
	-0.013317,
	-0.017778,
	-0.022048,
	-0.026083,
	-0.029838,
	-0.033276,
	-0.036358,
	-0.039052,
	-0.041329,
	-0.043165,
	-0.044542,
	-0.045443,
	-0.045859,
	-0.045787,
	-0.045227,
	-0.044184,
	-0.042671,
	-0.040703,
	-0.038301,
	-0.035491,
	-0.032303,
	-0.028771,
	-0.024933,
	-0.020830,
	-0.016506,
	-0.012006,
	-0.007380,
	-0.002676,
	0.002055,
	0.006763,
	0.011397,
	0.015908,
	0.020248,
	0.024369,
	0.028229,
	0.031785,
	0.034999,
	0.037838,
	0.040271,
	0.042272,
	0.043819,
	0.044897,
	0.045492,
	0.045600,
	0.045219,
	0.044353,
	0.043011,
	0.041208,
	0.038964,
	0.036301,
	0.033250,
	0.029843,
	0.026117,
	0.022110,
	0.017868,
	0.013435,
	0.008858,
	0.004188,
	-0.000526,
	-0.005233,
	-0.009882,
	-0.014424,
	-0.018809,
	-0.022990,
	-0.026923,
	-0.030564,
	-0.033876,
	-0.036821,
	-0.039369,
	-0.041492,
	-0.043168,
	-0.044377,
	-0.045108,
	-0.045352,
	-0.045106,
	-0.044375,
	-0.043164,
	-0.041488,
	-0.039365,
	-0.036818,
	-0.033873,
	-0.030564,
	-0.026925,
	-0.022997,
	-0.018821,
	-0.014443,
	-0.009910,
	-0.005271,
	-0.000577,
	0.004122,
	0.008775,
	0.013332,
	0.017744,
	0.021962,
	0.025941,
	0.029638,
	0.033013,
	0.036029,
	0.038654,
	0.040859,
	0.042620,
	0.043919,
	0.044742,
	0.045079,
	0.044926,
	0.044287,
	0.043167,
	0.041578,
	0.039539,
	0.037071,
	0.034201,
	0.030960,
	0.027384,
	0.023511,
	0.019384,
	0.015048,
	0.010549,
	0.005936,
	0.001260,
	-0.003428,
	-0.008077,
	-0.012637,
	-0.017058,
	-0.021292,
	-0.025293,
	-0.029018,
	-0.032425,
	-0.035478,
	-0.038143,
	-0.040392,
	-0.042200,
	-0.043547,
	-0.044418,
	-0.044805,
	-0.044703,
	-0.044113,
	-0.043042,
	-0.041501,
	-0.039507,
	-0.037083,
	-0.034254,
	-0.031051,
	-0.027511,
	-0.023670,
	-0.019572,
	-0.015261,
	-0.010784,
	-0.006191,
	-0.001531,
	0.003144,
	0.007783,
	0.012336,
	0.016752,
	0.020984,
	0.024984,
	0.028710,
	0.032120,
	0.035177,
	0.037848,
	0.040103,
	0.041917,
	0.043271,
	0.044150,
	0.044545,
	0.044450,
	0.043868,
	0.042804,
	0.041270,
	0.039284,
	0.036867,
	0.034045,
	0.030850,
	0.027317,
	0.023484,
	0.019395,
	0.015093,
	0.010627,
	0.006045,
	0.001397,
	-0.003264,
	-0.007888,
	-0.012424,
	-0.016821,
	-0.021033,
	-0.025011,
	-0.028712,
	-0.032096,
	-0.035126,
	-0.037767,
	-0.039991,
	-0.041773,
	-0.043094,
	-0.043939,
	-0.044299,
	-0.044170,
	-0.043553,
	-0.042456,
	-0.040890,
	-0.038872,
	-0.036426,
	-0.033578,
	-0.030360,
	-0.026807,
	-0.022959,
	-0.018858,
	-0.014550,
	-0.010081,
	-0.005503,
	-0.000865,
	0.003781,
	0.008384,
	0.012893,
	0.017258,
	0.021430,
	0.025364,
	0.029016,
	0.032344,
	0.035314,
	0.037891,
	0.040047,
	0.041758,
	0.043005,
	0.043775,
	0.044059,
	0.043853,
	0.043161,
	0.041989,
	0.040352,
	0.038267,
	0.035757,
	0.032850,
	0.029579,
	0.025980,
	0.022094,
	0.017963,
	0.013633,
	0.009152,
	0.004571,
	-0.000059,
	-0.004687,
	-0.009262,
	-0.013733,
	-0.018049,
	-0.022163,
	-0.026029,
	-0.029603,
	-0.032847,
	-0.035723,
	-0.038201,
	-0.040251,
	-0.041852,
	-0.042985,
	-0.043638,
	-0.043804,
	-0.043481,
	-0.042672,
	-0.041388,
	-0.039641,
	-0.037451,
	-0.034844,
	-0.031848,
	-0.028497,
	-0.024828,
	-0.020883,
	-0.016705,
	-0.012342,
	-0.007841,
	-0.003254,
	0.001368,
	0.005973,
	0.010510,
	0.014928,
	0.019178,
	0.023211,
	0.026984,
	0.030452,
	0.033579,
	0.036328,
	0.038668,
	0.040575,
	0.042025,
	0.043003,
	0.043499,
	0.043506,
	0.043025,
	0.042060,
	0.040623,
	0.038731,
	0.036404,
	0.033668,
	0.030554,
	0.027098,
	0.023338,
	0.019317,
	0.015080,
	0.010674,
	0.006149,
	0.001556,
	-0.003052,
	-0.007626,
	-0.012112,
	-0.016460,
	-0.020621,
	-0.024549,
	-0.028200,
	-0.031531,
	-0.034506,
	-0.037091,
	-0.039256,
	-0.040979,
	-0.042238,
	-0.043020,
	-0.043317,
	-0.043124,
	-0.042445,
	-0.041286,
	-0.039661,
	-0.037589,
	-0.035092,
	-0.032200,
	-0.028944,
	-0.025362,
	-0.021494,
	-0.017384,
	-0.013079,
	-0.008627,
	-0.004078,
	0.000515,
	0.005102,
	0.009629,
	0.014046,
	0.018302,
	0.022350,
	0.026144,
	0.029640,
	0.032799,
	0.035585,
	0.037967,
	0.039917,
	0.041414,
	0.042441,
	0.042986,
	0.043042,
	0.042610,
	0.041694,
	0.040305,
	0.038458,
	0.036175,
	0.033481,
	0.030408,
	0.026990,
	0.023265,
	0.019278,
	0.015072,
	0.010695,
	0.006199,
	0.001633,
	-0.002951,
	-0.007499,
	-0.011961,
	-0.016285,
	-0.020422,
	-0.024326,
	-0.027951,
	-0.031257,
	-0.034205,
	-0.036762,
	-0.038900,
	-0.040593,
	-0.041822,
	-0.042574,
	-0.042839,
	-0.042616,
	-0.041906,
	-0.040717,
	-0.039064,
	-0.036965,
	-0.034444,
	-0.031530,
	-0.028257,
	-0.024661,
	-0.020785,
	-0.016672,
	-0.012369,
	-0.007926,
	-0.003393,
	0.001177,
	0.005732,
	0.010221,
	0.014591,
	0.018792,
	0.022777,
	0.026501,
	0.029919,
	0.032993,
	0.035688,
	0.037973,
	0.039822,
	0.041214,
	0.042132,
	0.042567,
	0.042513,
	0.041970,
	0.040946,
	0.039452,
	0.037505,
	0.035128,
	0.032348,
	0.029197,
	0.025711,
	0.021930,
	0.017899,
	0.013662,
	0.009270,
	0.004772,
	0.000220,
	-0.004332,
	-0.008834,
	-0.013232,
	-0.017477,
	-0.021520,
	-0.025313,
	-0.028814,
	-0.031981,
	-0.034779,
	-0.037175,
	-0.039142,
	-0.040657,
	-0.041702,
	-0.042266,
	-0.042341,
	-0.041928,
	-0.041031,
	-0.039661,
	-0.037833,
	-0.035568,
	-0.032893,
	-0.029838,
	-0.026440,
	-0.022737,
	-0.018772,
	-0.014591,
	-0.010242,
	-0.005777,
	-0.001245,
	0.003299,
	0.007804,
	0.012218,
	0.016489,
	0.020567,
	0.024406,
	0.027962,
	0.031192,
	0.034060,
	0.036532,
	0.038580,
	0.040180,
	0.041313,
	0.041967,
	0.042133,
	0.041811,
	0.041003,
	0.039720,
	0.037975,
	0.035790,
	0.033190,
	0.030205,
	0.026870,
	0.023224,
	0.019308,
	0.015169,
	0.010855,
	0.006416,
	0.001903,
	-0.002630,
	-0.007132,
	-0.011549,
	-0.015831,
	-0.019927,
	-0.023790,
	-0.027374,
	-0.030639,
	-0.033546,
	-0.036061,
	-0.038155,
	-0.039803,
	-0.040987,
	-0.041692,
	-0.041911,
	-0.041640,
	-0.040884,
	-0.039650,
	-0.037955,
	-0.035816,
	-0.033260,
	-0.030315,
	-0.027018,
	-0.023405,
	-0.019521,
	-0.015409,
	-0.011118,
	-0.006698,
	-0.002201,
	0.002321,
	0.006814,
	0.011226,
	0.015505,
	0.019602,
	0.023468,
	0.027058,
	0.030330,
	0.033246,
	0.035771,
	0.037877,
	0.039537,
	0.040734,
	0.041453,
	0.041685,
	0.041428,
	0.040686,
	0.039465,
	0.037782,
	0.035656,
	0.033112,
	0.030180,
	0.026894,
	0.023292,
	0.019419,
	0.015318,
	0.011038,
	0.006629,
	0.002144,
	-0.002365,
	-0.006845,
	-0.011244,
	-0.015509,
	-0.019590,
	-0.023439,
	-0.027011,
	-0.030264,
	-0.033160,
	-0.035664,
	-0.037747,
	-0.039385,
	-0.040558,
	-0.041253,
	-0.041460,
	-0.041179,
	-0.040412,
	-0.039169,
	-0.037463,
	-0.035316,
	-0.032752,
	-0.029803,
	-0.026502,
	-0.022889,
	-0.019007,
	-0.014901,
	-0.010621,
	-0.006216,
	-0.001738,
	0.002758,
	0.007221,
	0.011597,
	0.015835,
	0.019884,
	0.023697,
	0.027228,
	0.030435,
	0.033282,
	0.035733,
	0.037760,
	0.039340,
	0.040452,
	0.041085,
	0.041231,
	0.040887,
	0.040059,
	0.038756,
	0.036993,
	0.034792,
	0.032178,
	0.029183,
	0.025843,
	0.022197,
	0.018287,
	0.014162,
	0.009870,
	0.005461,
	0.000989,
	-0.003494,
	-0.007933,
	-0.012278,
	-0.016475,
	-0.020475,
	-0.024230,
	-0.027696,
	-0.030831,
	-0.033598,
	-0.035964,
	-0.037901,
	-0.039387,
	-0.040402,
	-0.040936,
	-0.040981,
	-0.040538,
	-0.039612,
	-0.038214,
	-0.036360,
	-0.034073,
	-0.031380,
	-0.028313,
	-0.024910,
	-0.021209,
	-0.017257,
	-0.013099,
	-0.008786,
	-0.004369,
	0.000098,
	0.004564,
	0.008973,
	0.013274,
	0.017415,
	0.021347,
	0.025022,
	0.028397,
	0.031431,
	0.034087,
	0.036335,
	0.038148,
	0.039503,
	0.040384,
	0.040781,
	0.040690,
	0.040111,
	0.039051,
	0.037523,
	0.035546,
	0.033143,
	0.030343,
	0.027180,
	0.023691,
	0.019919,
	0.015909,
	0.011709,
	0.007370,
	0.002943,
	-0.001518,
	-0.005960,
	-0.010328,
	-0.014571,
	-0.018638,
	-0.022480,
	-0.026050,
	-0.029306,
	-0.032208,
	-0.034722,
	-0.036818,
	-0.038469,
	-0.039657,
	-0.040367,
	-0.040591,
	-0.040325,
	-0.039574,
	-0.038346,
	-0.036656,
	-0.034525,
	-0.031978,
	-0.029046,
	-0.025765,
	-0.022173,
	-0.018315,
	-0.014237,
	-0.009989,
	-0.005621,
	-0.001186,
	0.003262,
	0.007669,
	0.011983,
	0.016150,
	0.020121,
	0.023848,
	0.027285,
	0.030392,
	0.033130,
	0.035466,
	0.037373,
	0.038827,
	0.039810,
	0.040311,
	0.040324,
	0.039849,
	0.038891,
	0.037462,
	0.035580,
	0.033267,
	0.030551,
	0.027466,
	0.024048,
	0.020340,
	0.016386,
	0.012234,
	0.007935,
	0.003540,
	-0.000896,
	-0.005319,
	-0.009678,
	-0.013917,
	-0.017986,
	-0.021835,
	-0.025418,
	-0.028691,
	-0.031615,
	-0.034153,
	-0.036275,
	-0.037955,
	-0.039173,
	-0.039914,
	-0.040169,
	-0.039935,
	-0.039215,
	-0.038018,
	-0.036357,
	-0.034255,
	-0.031735,
	-0.028830,
	-0.025574,
	-0.022007,
	-0.018173,
	-0.014118,
	-0.009892,
	-0.005546,
	-0.001134,
	0.003290,
	0.007673,
	0.011962,
	0.016103,
	0.020046,
	0.023743,
	0.027150,
	0.030223,
	0.032927,
	0.035227,
	0.037096,
	0.038510,
	0.039454,
	0.039914,
	0.039886,
	0.039370,
	0.038372,
	0.036905,
	0.034986,
	0.032639,
	0.029893,
	0.026782,
	0.023343,
	0.019620,
	0.015657,
	0.011503,
	0.007209,
	0.002827,
	-0.001587,
	-0.005981,
	-0.010301,
	-0.014492,
	-0.018505,
	-0.022290,
	-0.025799,
	-0.028991,
	-0.031826,
	-0.034269,
	-0.036291,
	-0.037865,
	-0.038974,
	-0.039603,
	-0.039746,
	-0.039399,
	-0.038568,
	-0.037262,
	-0.035498,
	-0.033298,
	-0.030689,
	-0.027702,
	-0.024375,
	-0.020748,
	-0.016868,
	-0.012780,
	-0.008536,
	-0.004187,
	0.000211,
	0.004606,
	0.008943,
	0.013168,
	0.017230,
	0.021078,
	0.024665,
	0.027946,
	0.030882,
	0.033435,
	0.035575,
	0.037274,
	0.038513,
	0.039275,
	0.039552,
	0.039340,
	0.038641,
	0.037465,
	0.035826,
	0.033743,
	0.031244,
	0.028359,
	0.025124,
	0.021579,
	0.017767,
	0.013737,
	0.009537,
	0.005220,
	0.000840,
	-0.003549,
	-0.007893,
	-0.012138,
	-0.016232,
	-0.020123,
	-0.023763,
	-0.027108,
	-0.030115,
	-0.032748,
	-0.034974,
	-0.036764,
	-0.038098,
	-0.038958,
	-0.039334,
	-0.039221,
	-0.038621,
	-0.037541,
	-0.035994,
	-0.034001,
	-0.031585,
	-0.028777,
	-0.025612,
	-0.022129,
	-0.018371,
	-0.014386,
	-0.010223,
	-0.005933,
	-0.001571,
	0.002809,
	0.007153,
	0.011407,
	0.015518,
	0.019434,
	0.023107,
	0.026490,
	0.029543,
	0.032226,
	0.034506,
	0.036355,
	0.037750,
	0.038673,
	0.039113,
	0.039065,
	0.038528,
	0.037511,
	0.036025,
	0.034090,
	0.031728,
	0.028971,
	0.025853,
	0.022412,
	0.018691,
	0.014738,
	0.010601,
	0.006333,
	0.001987,
	-0.002383,
	-0.006722,
	-0.010975,
	-0.015090,
	-0.019015,
	-0.022700,
	-0.026100,
	-0.029172,
	-0.031878,
	-0.034183,
	-0.036058,
	-0.037481,
	-0.038433,
	-0.038903,
	-0.038884,
	-0.038378,
	-0.037389,
	-0.035931,
	-0.034023,
	-0.031688,
	-0.028955,
	-0.025859,
	-0.022439,
	-0.018737,
	-0.014802,
	-0.010681,
	-0.006426,
	-0.002093,
	0.002266,
	0.006596,
	0.010841,
	0.014948,
	0.018866,
	0.022546,
	0.025940,
	0.029007,
	0.031708,
	0.034008,
	0.035879,
	0.037297,
	0.038245,
	0.038710,
	0.038686,
	0.038175,
	0.037182,
	0.035720,
	0.033808,
	0.031469,
	0.028734,
	0.025636,
	0.022215,
	0.018515,
	0.014582,
	0.010465,
	0.006218,
	0.001893,
	-0.002455,
	-0.006771,
	-0.011000,
	-0.015088,
	-0.018985,
	-0.022640,
	-0.026008,
	-0.029045,
	-0.031714,
	-0.033980,
	-0.035816,
	-0.037197,
	-0.038106,
	-0.038533,
	-0.038470,
	-0.037920,
	-0.036889,
	-0.035391,
	-0.033444,
	-0.031073,
	-0.028309,
	-0.025186,
	-0.021744,
	-0.018027,
	-0.014082,
	-0.009959,
	-0.005711,
	-0.001392,
	0.002944,
	0.007242,
	0.011446,
	0.015504,
	0.019363,
	0.022975,
	0.026294,
	0.029277,
	0.031887,
	0.034091,
	0.035860,
	0.037171,
	0.038009,
	0.038363,
	0.038228,
	0.037605,
	0.036504,
	0.034938,
	0.032926,
	0.030496,
	0.027677,
	0.024505,
	0.021022,
	0.017272,
	0.013302,
	0.009164,
	0.004910,
	0.000594,
	-0.003729,
	-0.008002,
	-0.012172,
	-0.016186,
	-0.019992,
	-0.023541,
	-0.026788,
	-0.029691,
	-0.032214,
	-0.034325,
	-0.035996,
	-0.037205,
	-0.037938,
	-0.038186,
	-0.037944,
	-0.037216,
	-0.036012,
	-0.034347,
	-0.032243,
	-0.029725,
	-0.026828,
	-0.023587,
	-0.020045,
	-0.016247,
	-0.012241,
	-0.008079,
	-0.003815,
	0.000497,
	0.004801,
	0.009043,
	0.013168,
	0.017122,
	0.020855,
	0.024320,
	0.027471,
	0.030268,
	0.032675,
	0.034662,
	0.036202,
	0.037277,
	0.037871,
	0.037979,
	0.037597,
	0.036732,
	0.035394,
	0.033601,
	0.031376,
	0.028748,
	0.025749,
	0.022420,
	0.018803,
	0.014945,
	0.010895,
	0.006705,
	0.002430,
	-0.001875,
	-0.006154,
	-0.010354,
	-0.014418,
	-0.018295,
	-0.021935,
	-0.025291,
	-0.028320,
	-0.030982,
	-0.033243,
	-0.035074,
	-0.036451,
	-0.037357,
	-0.037779,
	-0.037713,
	-0.037160,
	-0.036126,
	-0.034625,
	-0.032676,
	-0.030305,
	-0.027543,
	-0.024425,
	-0.020991,
	-0.017286,
	-0.013359,
	-0.009260,
	-0.005041,
	-0.000759,
	0.003533,
	0.007777,
	0.011919,
	0.015906,
	0.019685,
	0.023208,
	0.026429,
	0.029306,
	0.031802,
	0.033885,
	0.035527,
	0.036707,
	0.037410,
	0.037627,
	0.037355,
	0.036598,
	0.035365,
	0.033673,
	0.031544,
	0.029005,
	0.026089,
	0.022835,
	0.019284,
	0.015484,
	0.011483,
	0.007333,
	0.003089,
	-0.001194,
	-0.005460,
	-0.009654,
	-0.013721,
	-0.017608,
	-0.021265,
	-0.024643,
	-0.027700,
	-0.030394,
	-0.032691,
	-0.034561,
	-0.035980,
	-0.036928,
	-0.037395,
	-0.037373,
	-0.036863,
	-0.035872,
	-0.034413,
	-0.032504,
	-0.030172,
	-0.027445,
	-0.024361,
	-0.020959,
	-0.017284,
	-0.013384,
	-0.009310,
	-0.005115,
	-0.000854,
	0.003417,
	0.007642,
	0.011766,
	0.015734,
	0.019496,
	0.023001,
	0.026204,
	0.029063,
	0.031540,
	0.033603,
	0.035225,
	0.036385,
	0.037067,
	0.037263,
	0.036970,
	0.036192,
	0.034939,
	0.033228,
	0.031081,
	0.028527,
	0.025599,
	0.022335,
	0.018779,
	0.014977,
	0.010979,
	0.006838,
	0.002608,
	-0.001655,
	-0.005896,
	-0.010057,
	-0.014085,
	-0.017927,
	-0.021532,
	-0.024852,
	-0.027845,
	-0.030470,
	-0.032693,
	-0.034484,
	-0.035821,
	-0.036686,
	-0.037067,
	-0.036960,
	-0.036365,
	-0.035290,
	-0.033751,
	-0.031767,
	-0.029364,
	-0.026575,
	-0.023435,
	-0.019987,
	-0.016277,
	-0.012352,
	-0.008265,
	-0.004070,
	0.000178,
	0.004422,
	0.008607,
	0.012677,
	0.016578,
	0.020259,
	0.023671,
	0.026769,
	0.029512,
	0.031864,
	0.033793,
	0.035275,
	0.036289,
	0.036823,
	0.036869,
	0.036426,
	0.035501,
	0.034106,
	0.032259,
	0.029986,
	0.027315,
	0.024283,
	0.020929,
	0.017299,
	0.013440,
	0.009404,
	0.005244,
	0.001016,
	-0.003225,
	-0.007421,
	-0.011519,
	-0.015462,
	-0.019198,
	-0.022679,
	-0.025857,
	-0.028691,
	-0.031142,
	-0.033179,
	-0.034774,
	-0.035906,
	-0.036560,
	-0.036728,
	-0.036406,
	-0.035601,
	-0.034321,
	-0.032585,
	-0.030415,
	-0.027841,
	-0.024897,
	-0.021621,
	-0.018059,
	-0.014256,
	-0.010265,
	-0.006138,
	-0.001930,
	0.002303,
	0.006504,
	0.010617,
	0.014587,
	0.018362,
	0.021890,
	0.025125,
	0.028024,
	0.030548,
	0.032663,
	0.034341,
	0.035559,
	0.036302,
	0.036560,
	0.036329,
	0.035612,
	0.034418,
	0.032765,
	0.030674,
	0.028172,
	0.025295,
	0.022079,
	0.018569,
	0.014811,
	0.010856,
	0.006756,
	0.002567,
	-0.001656,
	-0.005855,
	-0.009975,
	-0.013960,
	-0.017756,
	-0.021314,
	-0.024584,
	-0.027524,
	-0.030094,
	-0.032259,
	-0.033991,
	-0.035266,
	-0.036066,
	-0.036383,
	-0.036210,
	-0.035551,
	-0.034414,
	-0.032816,
	-0.030776,
	-0.028323,
	-0.025490,
	-0.022315,
	-0.018841,
	-0.015114,
	-0.011184,
	-0.007105,
	-0.002932,
	0.001280,
	0.005474,
	0.009593,
	0.013581,
	0.017385,
	0.020955,
	0.024240,
	0.027199,
	0.029789,
	0.031978,
	0.033734,
	0.035035,
	0.035863,
	0.036207,
	0.036062,
	0.035431,
	0.034321,
	0.032748,
	0.030733,
	0.028304,
	0.025493,
	0.022338,
	0.018882,
	0.015171,
	0.011257,
	0.007191,
	0.003029,
	-0.001173,
	-0.005357,
	-0.009469,
	-0.013451,
	-0.017249,
	-0.020814,
	-0.024095,
	-0.027050,
	-0.029637,
	-0.031822,
	-0.033576,
	-0.034874,
	-0.035698,
	-0.036039,
	-0.035891,
	-0.035256,
	-0.034143,
	-0.032568,
	-0.030550,
	-0.028119,
	-0.025307,
	-0.022152,
	-0.018697,
	-0.014988,
	-0.011078,
	-0.007018,
	-0.002863,
	0.001329,
	0.005502,
	0.009600,
	0.013565,
	0.017346,
	0.020889,
	0.024147,
	0.027076,
	0.029635,
	0.031791,
	0.033513,
	0.034779,
	0.035570,
	0.035877,
	0.035695,
	0.035027,
	0.033882,
	0.032275,
	0.030228,
	0.027770,
	0.024934,
	0.021759,
	0.018288,
	0.014568,
	0.010650,
	0.006588,
	0.002437,
	-0.001747,
	-0.005905,
	-0.009981,
	-0.013921,
	-0.017669,
	-0.021174,
	-0.024389,
	-0.027270,
	-0.029778,
	-0.031877,
	-0.033541,
	-0.034744,
	-0.035473,
	-0.035715,
	-0.035469,
	-0.034738,
	-0.033531,
	-0.031865,
	-0.029763,
	-0.027254,
	-0.024372,
	-0.021158,
	-0.017654,
	-0.013908,
	-0.009974,
	-0.005903,
	-0.001753,
	0.002420,
	0.006560,
	0.010608,
	0.014509,
	0.018210,
	0.021660,
	0.024812,
	0.027623,
	0.030053,
	0.032070,
	0.033646,
	0.034759,
	0.035393,
	0.035542,
	0.035201,
	0.034377,
	0.033079,
	0.031328,
	0.029145,
	0.026562,
	0.023614,
	0.020342,
	0.016791,
	0.013009,
	0.009049,
	0.004966,
	0.000815,
	-0.003346,
	-0.007460,
	-0.011470,
	-0.015321,
	-0.018959,
	-0.022335,
	-0.025402,
	-0.028118,
	-0.030445,
	-0.032352,
	-0.033811,
	-0.034803,
	-0.035315,
	-0.035338,
	-0.034874,
	-0.033927,
	-0.032513,
	-0.030649,
	-0.028362,
	-0.025683,
	-0.022651,
	-0.019305,
	-0.015694,
	-0.011866,
	-0.007875,
	-0.003776,
	0.000374,
	0.004517,
	0.008598,
	0.012558,
	0.016343,
	0.019901,
	0.023182,
	0.026141,
	0.028737,
	0.030934,
	0.032701,
	0.034015,
	0.034856,
	0.035214,
	0.035083,
	0.034465,
	0.033369,
	0.031810,
	0.029810,
	0.027397,
	0.024603,
	0.021469,
	0.018037,
	0.014355,
	0.010475,
	0.006450,
	0.002337,
	-0.001808,
	-0.005927,
	-0.009962,
	-0.013858,
	-0.017559,
	-0.021016,
	-0.024179,
	-0.027004,
	-0.029453,
	-0.031491,
	-0.033090,
	-0.034228,
	-0.034888,
	-0.035062,
	-0.034747,
	-0.033948,
	-0.032676,
	-0.030948,
	-0.028789,
	-0.026230,
	-0.023304,
	-0.020055,
	-0.016526,
	-0.012768,
	-0.008832,
	-0.004774,
	-0.000650,
	0.003482,
	0.007564,
	0.011539,
	0.015352,
	0.018950,
	0.022281,
	0.025300,
	0.027965,
	0.030238,
	0.032087,
	0.033486,
	0.034417,
	0.034866,
	0.034826,
	0.034299,
	0.033292,
	0.031818,
	0.029899,
	0.027562,
	0.024839,
	0.021769,
	0.018394,
	0.014762,
	0.010924,
	0.006934,
	0.002847,
	-0.001278,
	-0.005384,
	-0.009414,
	-0.013311,
	-0.017019,
	-0.020488,
	-0.023668,
	-0.026515,
	-0.028988,
	-0.031054,
	-0.032682,
	-0.033851,
	-0.034544,
	-0.034750,
	-0.034468,
	-0.033701,
	-0.032460,
	-0.030763,
	-0.028633,
	-0.026101,
	-0.023202,
	-0.019977,
	-0.016471,
	-0.012734,
	-0.008819,
	-0.004781,
	-0.000676,
	0.003437,
	0.007501,
	0.011458,
	0.015252,
	0.018831,
	0.022142,
	0.025141,
	0.027784,
	0.030034,
	0.031859,
	0.033234,
	0.034140,
	0.034563,
	0.034498,
	0.033946,
	0.032913,
	0.031416,
	0.029476,
	0.027119,
	0.024379,
	0.021295,
	0.017911,
	0.014274,
	0.010436,
	0.006451,
	0.002377,
	-0.001731,
	-0.005813,
	-0.009812,
	-0.013670,
	-0.017334,
	-0.020752,
	-0.023874,
	-0.026657,
	-0.029062,
	-0.031054,
	-0.032605,
	-0.033694,
	-0.034304,
	-0.034427,
	-0.034062,
	-0.033213,
	-0.031893,
	-0.030120,
	-0.027921,
	-0.025325,
	-0.022370,
	-0.019099,
	-0.015556,
	-0.011794,
	-0.007864,
	-0.003824,
	0.000269,
	0.004358,
	0.008383,
	0.012288,
	0.016018,
	0.019518,
	0.022740,
	0.025637,
	0.028169,
	0.030298,
	0.031996,
	0.033237,
	0.034005,
	0.034288,
	0.034082,
	0.033390,
	0.032222,
	0.030595,
	0.028532,
	0.026063,
	0.023222,
	0.020051,
	0.016595,
	0.012902,
	0.009026,
	0.005023,
	0.000948,
	-0.003139,
	-0.007180,
	-0.011117,
	-0.014895,
	-0.018459,
	-0.021758,
	-0.024745,
	-0.027377,
	-0.029617,
	-0.031433,
	-0.032799,
	-0.033695,
	-0.034108,
	-0.034033,
	-0.033471,
	-0.032430,
	-0.030924,
	-0.028976,
	-0.026614,
	-0.023870,
	-0.020785,
	-0.017403,
	-0.013772,
	-0.009945,
	-0.005976,
	-0.001922,
	0.002158,
	0.006206,
	0.010164,
	0.013975,
	0.017585,
	0.020941,
	0.023996,
	0.026705,
	0.029030,
	0.030937,
	0.032400,
	0.033396,
	0.033911,
	0.033940,
	0.033480,
	0.032538,
	0.031129,
	0.029272,
	0.026995,
	0.024330,
	0.021315,
	0.017994,
	0.014414,
	0.010628,
	0.006690,
	0.002657,
	-0.001414,
	-0.005463,
	-0.009433,
	-0.013265,
	-0.016906,
	-0.020301,
	-0.023403,
	-0.026167,
	-0.028552,
	-0.030525,
	-0.032057,
	-0.033125,
	-0.033715,
	-0.033818,
	-0.033433,
	-0.032564,
	-0.031226,
	-0.029436,
	-0.027222,
	-0.024615,
	-0.021652,
	-0.018377,
	-0.014837,
	-0.011084,
	-0.007171,
	-0.003155,
	0.000905,
	0.004951,
	0.008925,
	0.012768,
	0.016426,
	0.019844,
	0.022975,
	0.025771,
	0.028194,
	0.030207,
	0.031782,
	0.032896,
	0.033532,
	0.033682,
	0.033343,
	0.032521,
	0.031227,
	0.029480,
	0.027306,
	0.024736,
	0.021807,
	0.018562,
	0.015049,
	0.011317,
	0.007423,
	0.003421,
	-0.000629,
	-0.004669,
	-0.008641,
	-0.012485,
	-0.016147,
	-0.019573,
	-0.022714,
	-0.025523,
	-0.027960,
	-0.029990,
	-0.031582,
	-0.032714,
	-0.033370,
	-0.033539,
	-0.033220,
	-0.032416,
	-0.031140,
	-0.029411,
	-0.027254,
	-0.024699,
	-0.021785,
	-0.018554,
	-0.015054,
	-0.011334,
	-0.007450,
	-0.003458,
	0.000583,
	0.004615,
	0.008578,
	0.012415,
	0.016070,
	0.019489,
	0.022622,
	0.025424,
	0.027854,
	0.029876,
	0.031461,
	0.032585,
	0.033232,
	0.033393,
	0.033065,
	0.032253,
	0.030970,
	0.029234,
	0.027070,
	0.024510,
	0.021592,
	0.018358,
	0.014856,
	0.011137,
	0.007256,
	0.003270,
	-0.000764,
	-0.004785,
	-0.008735,
	-0.012555,
	-0.016191,
	-0.019588,
	-0.022697,
	-0.025472,
	-0.027873,
	-0.029863,
	-0.031415,
	-0.032504,
	-0.033116,
	-0.033241,
	-0.032878,
	-0.032032,
	-0.030715,
	-0.028947,
	-0.026753,
	-0.024167,
	-0.021226,
	-0.017973,
	-0.014456,
	-0.010728,
	-0.006843,
	-0.002858,
	0.001168,
	0.005176,
	0.009106,
	0.012902,
	0.016506,
	0.019867,
	0.022933,
	0.025661,
	0.028010,
	0.029945,
	0.031438,
	0.032467,
	0.033017,
	0.033080,
	0.032654,
	0.031746,
	0.030370,
	0.028546,
	0.026301,
	0.023667,
	0.020685,
	0.017398,
	0.013855,
	0.010108,
	0.006212,
	0.002225,
	-0.001793,
	-0.005784,
	-0.009688,
	-0.013449,
	-0.017009,
	-0.020316,
	-0.023322,
	-0.025982,
	-0.028257,
	-0.030113,
	-0.031522,
	-0.032463,
	-0.032924,
	-0.032897,
	-0.032382,
	-0.031387,
	-0.029927,
	-0.028023,
	-0.025705,
	-0.023005,
	-0.019965,
	-0.016630,
	-0.013049,
	-0.009275,
	-0.005364,
	-0.001374,
	0.002635,
	0.006604,
	0.010474,
	0.014187,
	0.017688,
	0.020926,
	0.023852,
	0.026422,
	0.028599,
	0.030350,
	0.031649,
	0.032477,
	0.032822,
	0.032678,
	0.032047,
	0.030940,
	0.029372,
	0.027367,
	0.024955,
	0.022172,
	0.019059,
	0.015663,
	0.012034,
	0.008227,
	0.004298,
	0.000306,
	-0.003689,
	-0.007629,
	-0.011454,
	-0.015107,
	-0.018533,
	-0.021682,
	-0.024507,
	-0.026965,
	-0.029019,
	-0.030640,
	-0.031803,
	-0.032490,
	-0.032691,
	-0.032404,
	-0.031632,
	-0.030388,
	-0.028690,
	-0.026563,
	-0.024039,
	-0.021156,
	-0.017957,
	-0.014490,
	-0.010807,
	-0.006964,
	-0.003017,
	0.000974,
	0.004950,
	0.008850,
	0.012617,
	0.016194,
	0.019527,
	0.022567,
	0.025268,
	0.027589,
	0.029495,
	0.030959,
	0.031958,
	0.032477,
	0.032509,
	0.032053,
	0.031115,
	0.029711,
	0.027861,
	0.025592,
	0.022940,
	0.019944,
	0.016649,
	0.013104,
	0.009364,
	0.005483,
	0.001521,
	-0.002463,
	-0.006409,
	-0.010257,
	-0.013950,
	-0.017433,
	-0.020652,
	-0.023559,
	-0.026111,
	-0.028269,
	-0.030001,
	-0.031280,
	-0.032088,
	-0.032412,
	-0.032248,
	-0.031597,
	-0.030470,
	-0.028884,
	-0.026863,
	-0.024437,
	-0.021643,
	-0.018523,
	-0.015125,
	-0.011498,
	-0.007700,
	-0.003786,
	0.000185,
	0.004151,
	0.008054,
	0.011834,
	0.015435,
	0.018801,
	0.021882,
	0.024632,
	0.027009,
	0.028976,
	0.030505,
	0.031572,
	0.032160,
	0.032262,
	0.031876,
	0.031007,
	0.029669,
	0.027882,
	0.025674,
	0.023076,
	0.020130,
	0.016880,
	0.013374,
	0.009667,
	0.005814,
	0.001873,
	-0.002094,
	-0.006029,
	-0.009872,
	-0.013564,
	-0.017049,
	-0.020274,
	-0.023191,
	-0.025755,
	-0.027927,
	-0.029675,
	-0.030971,
	-0.031797,
	-0.032139,
	-0.031993,
	-0.031360,
	-0.030251,
	-0.028682,
	-0.026678,
	-0.024268,
	-0.021489,
	-0.018384,
	-0.015001,
	-0.011389,
	-0.007606,
	-0.003707,
	0.000247,
	0.004196,
	0.008081,
	0.011841,
	0.015420,
	0.018764,
	0.021820,
	0.024543,
	0.026891,
	0.028828,
	0.030326,
	0.031360,
	0.031916,
	0.031984,
	0.031564,
	0.030663,
	0.029293,
	0.027477,
	0.025242,
	0.022621,
	0.019656,
	0.016391,
	0.012876,
	0.009165,
	0.005315,
	0.001385,
	-0.002565,
	-0.006475,
	-0.010286,
	-0.013937,
	-0.017375,
	-0.020546,
	-0.023402,
	-0.025899,
	-0.027998,
	-0.029668,
	-0.030884,
	-0.031626,
	-0.031883,
	-0.031652,
	-0.030936,
	-0.029745,
	-0.028099,
	-0.026022,
	-0.023547,
	-0.020711,
	-0.017559,
	-0.014137,
	-0.010499,
	-0.006701,
	-0.002802,
	0.001140,
	0.005064,
	0.008908,
	0.012615,
	0.016127,
	0.019391,
	0.022356,
	0.024976,
	0.027212,
	0.029028,
	0.030398,
	0.031300,
	0.031721,
	0.031653,
	0.031098,
	0.030064,
	0.028568,
	0.026633,
	0.024287,
	0.021569,
	0.018519,
	0.015184,
	0.011616,
	0.007870,
	0.004004,
	0.000076,
	-0.003851,
	-0.007718,
	-0.011465,
	-0.015035,
	-0.018371,
	-0.021423,
	-0.024144,
	-0.026492,
	-0.028429,
	-0.029928,
	-0.030964,
	-0.031521,
	-0.031591,
	-0.031174,
	-0.030274,
	-0.028907,
	-0.027093,
	-0.024861,
	-0.022245,
	-0.019285,
	-0.016028,
	-0.012524,
	-0.008827,
	-0.004994,
	-0.001085,
	0.002840,
	0.006721,
	0.010496,
	0.014107,
	0.017500,
	0.020620,
	0.023420,
	0.025856,
	0.027891,
	0.029493,
	0.030638,
	0.031307,
	0.031490,
	0.031184,
	0.030395,
	0.029134,
	0.027422,
	0.025284,
	0.022754,
	0.019872,
	0.016681,
	0.013232,
	0.009579,
	0.005777,
	0.001887,
	-0.002032,
	-0.005918,
	-0.009712,
	-0.013353,
	-0.016786,
	-0.019956,
	-0.022816,
	-0.025320,
	-0.027429,
	-0.029111,
	-0.030339,
	-0.031094,
	-0.031365,
	-0.031147,
	-0.030444,
	-0.029267,
	-0.027634,
	-0.025571,
	-0.023110,
	-0.020289,
	-0.017152,
	-0.013749,
	-0.010132,
	-0.006358,
	-0.002485,
	0.001425,
	0.005313,
	0.009116,
	0.012776,
	0.016236,
	0.019441,
	0.022342,
	0.024893,
	0.027054,
	0.028792,
	0.030080,
	0.030897,
	0.031231,
	0.031076,
	0.030435,
	0.029318,
	0.027743,
	0.025734,
	0.023323,
	0.020547,
	0.017450,
	0.014081,
	0.010492,
	0.006740,
	0.002882,
	-0.001019,
	-0.004903,
	-0.008710,
	-0.012379,
	-0.015853,
	-0.019078,
	-0.022003,
	-0.024582,
	-0.026775,
	-0.028547,
	-0.029870,
	-0.030724,
	-0.031096,
	-0.030980,
	-0.030377,
	-0.029297,
	-0.027757,
	-0.025781,
	-0.023401,
	-0.020653,
	-0.017582,
	-0.014235,
	-0.010664,
	-0.006927,
	-0.003082,
	0.000811,
	0.004689,
	0.008494,
	0.012163,
	0.015641,
	0.018871,
	0.021803,
	0.024391,
	0.026595,
	0.028378,
	0.029715,
	0.030582,
	0.030968,
	0.030865,
	0.030275,
	0.029208,
	0.027681,
	0.025718,
	0.023349,
	0.020612,
	0.017551,
	0.014213,
	0.010652,
	0.006924,
	0.003087,
	-0.000798,
	-0.004669,
	-0.008466,
	-0.012128,
	-0.015597,
	-0.018819,
	-0.021742,
	-0.024321,
	-0.026515,
	-0.028289,
	-0.029615,
	-0.030472,
	-0.030847,
	-0.030733,
	-0.030133,
	-0.029056,
	-0.027519,
	-0.025546,
	-0.023170,
	-0.020427,
	-0.017361,
	-0.014020,
	-0.010458,
	-0.006731,
	-0.002899,
	0.000979,
	0.004840,
	0.008624,
	0.012270,
	0.015720,
	0.018920,
	0.021819,
	0.024371,
	0.026535,
	0.028277,
	0.029570,
	0.030392,
	0.030732,
	0.030583,
	0.029948,
	0.028838,
	0.027269,
	0.025267,
	0.022863,
	0.020096,
	0.017011,
	0.013655,
	0.010083,
	0.006352,
	0.002520,
	-0.001351,
	-0.005200,
	-0.008965,
	-0.012586,
	-0.016006,
	-0.019170,
	-0.022027,
	-0.024533,
	-0.026648,
	-0.028336,
	-0.029573,
	-0.030338,
	-0.030618,
	-0.030410,
	-0.029717,
	-0.028550,
	-0.026927,
	-0.024875,
	-0.022426,
	-0.019619,
	-0.016500,
	-0.013118,
	-0.009528,
	-0.005786,
	-0.001952,
	0.001912,
	0.005745,
	0.009484,
	0.013071,
	0.016448,
	0.019562,
	0.022361,
	0.024802,
	0.026846,
	0.028459,
	0.029616,
	0.030299,
	0.030496,
	0.030205,
	0.029430,
	0.028184,
	0.026486,
	0.024364,
	0.021853,
	0.018991,
	0.015825,
	0.012407,
	0.008790,
	0.005033,
	0.001197,
	-0.002658,
	-0.006470,
	-0.010176,
	-0.013719,
	-0.017040,
	-0.020087,
	-0.022810,
	-0.025166,
	-0.027118,
	-0.028633,
	-0.029687,
	-0.030264,
	-0.030354,
	-0.029956,
	-0.029077,
	-0.027730,
	-0.025937,
	-0.023727,
	-0.021136,
	-0.018205,
	-0.014982,
	-0.011518,
	-0.007870,
	-0.004096,
	-0.000256,
	0.003586,
	0.007370,
	0.011034,
	0.014519,
	0.017770,
	0.020733,
	0.023361,
	0.025611,
	0.027448,
	0.028842,
	0.029770,
	0.030217,
	0.030176,
	0.029649,
	0.028642,
	0.027173,
	0.025266,
	0.022951,
	0.020266,
	0.017253,
	0.013963,
	0.010448,
	0.006764,
	0.002972,
	-0.000867,
	-0.004691,
	-0.008438,
	-0.012048,
	-0.015462,
	-0.018625,
	-0.021486,
	-0.023998,
	-0.026121,
	-0.027820,
	-0.029069,
	-0.029846,
	-0.030139,
	-0.029944,
	-0.029263,
	-0.028109,
	-0.026499,
	-0.024459,
	-0.022024,
	-0.019231,
	-0.016128,
	-0.012763,
	-0.009192,
	-0.005473,
	-0.001665,
	0.002168,
	0.005965,
	0.009665,
	0.013206,
	0.016533,
	0.019589,
	0.022327,
	0.024701,
	0.026673,
	0.028211,
	0.029290,
	0.029892,
	0.030007,
	0.029635,
	0.028780,
	0.027457,
	0.025688,
	0.023500,
	0.020931,
	0.018021,
	0.014819,
	0.011375,
	0.007748,
	0.003995,
	0.000177,
	-0.003642,
	-0.007401,
	-0.011038,
	-0.014495,
	-0.017714,
	-0.020644,
	-0.023236,
	-0.025448,
	-0.027244,
	-0.028596,
	-0.029480,
	-0.029882,
	-0.029797,
	-0.029224,
	-0.028175,
	-0.026665,
	-0.024720,
	-0.022371,
	-0.019657,
	-0.016623,
	-0.013317,
	-0.009795,
	-0.006113,
	-0.002331,
	0.001487,
	0.005280,
	0.008986,
	0.012544,
	0.015895,
	0.018986,
	0.021765,
	0.024187,
	0.026212,
	0.027807,
	0.028945,
	0.029610,
	0.029788,
	0.029478,
	0.028685,
	0.027422,
	0.025709,
	0.023575,
	0.021054,
	0.018189,
	0.015025,
	0.011616,
	0.008017,
	0.004287,
	0.000487,
	-0.003319,
	-0.007070,
	-0.010704,
	-0.014162,
	-0.017386,
	-0.020323,
	-0.022925,
	-0.025150,
	-0.026960,
	-0.028327,
	-0.029227,
	-0.029647,
	-0.029578,
	-0.029022,
	-0.027989,
	-0.026495,
	-0.024565,
	-0.022231,
	-0.019531,
	-0.016511,
	-0.013219,
	-0.009709,
	-0.006041,
	-0.002274,
	0.001530,
	0.005308,
	0.008997,
	0.012537,
	0.015869,
	0.018938,
	0.021695,
	0.024092,
	0.026092,
	0.027660,
	0.028770,
	0.029406,
	0.029555,
	0.029216,
	0.028395,
	0.027104,
	0.025366,
	0.023209,
	0.020668,
	0.017786,
	0.014611,
	0.011195,
	0.007594,
	0.003869,
	0.000080,
	-0.003709,
	-0.007435,
	-0.011038,
	-0.014457,
	-0.017636,
	-0.020522,
	-0.023067,
	-0.025229,
	-0.026973,
	-0.028269,
	-0.029097,
	-0.029441,
	-0.029298,
	-0.028668,
	-0.027563,
	-0.026001,
	-0.024008,
	-0.021617,
	-0.018867,
	-0.015805,
	-0.012482,
	-0.008951,
	-0.005273,
	-0.001509,
	0.002280,
	0.006030,
	0.009680,
	0.013167,
	0.016434,
	0.019428,
	0.022098,
	0.024399,
	0.026295,
	0.027752,
	0.028747,
	0.029263,
	0.029292,
	0.028834,
	0.027895,
	0.026493,
	0.024649,
	0.022395,
	0.019768,
	0.016813,
	0.013578,
	0.010118,
	0.006489,
	0.002754,
	-0.001027,
	-0.004790,
	-0.008472,
	-0.012011,
	-0.015350,
	-0.018431,
	-0.021204,
	-0.023623,
	-0.025646,
	-0.027241,
	-0.028380,
	-0.029045,
	-0.029224,
	-0.028916,
	-0.028123,
	-0.026861,
	-0.025151,
	-0.023020,
	-0.020504,
	-0.017647,
	-0.014494,
	-0.011100,
	-0.007521,
	-0.003817,
	-0.000050,
	0.003717,
	0.007421,
	0.011000,
	0.014393,
	0.017545,
	0.020402,
	0.022917,
	0.025047,
	0.026756,
	0.028017,
	0.028807,
	0.029114,
	0.028933,
	0.028267,
	0.027126,
	0.025531,
	0.023507,
	0.021089,
	0.018318,
	0.015240,
	0.011906,
	0.008374,
	0.004701,
	0.000951,
	-0.002815,
	-0.006533,
	-0.010139,
	-0.013575,
	-0.016781,
	-0.019705,
	-0.022296,
	-0.024512,
	-0.026315,
	-0.027674,
	-0.028568,
	-0.028980,
	-0.028904,
	-0.028342,
	-0.027303,
	-0.025804,
	-0.023870,
	-0.021535,
	-0.018838,
	-0.015824,
	-0.012543,
	-0.009052,
	-0.005409,
	-0.001676,
	0.002084,
	0.005809,
	0.009435,
	0.012900,
	0.016147,
	0.019121,
	0.021771,
	0.024053,
	0.025929,
	0.027366,
	0.028340,
	0.028835,
	0.028843,
	0.028364,
	0.027405,
	0.025983,
	0.024122,
	0.021854,
	0.019216,
	0.016254,
	0.013018,
	0.009562,
	0.005945,
	0.002229,
	-0.001525,
	-0.005251,
	-0.008888,
	-0.012374,
	-0.015649,
	-0.018658,
	-0.021351,
	-0.023681,
	-0.025609,
	-0.027102,
	-0.028136,
	-0.028692,
	-0.028761,
	-0.028343,
	-0.027444,
	-0.026079,
	-0.024272,
	-0.022054,
	-0.019461,
	-0.016539,
	-0.013337,
	-0.009909,
	-0.006313,
	-0.002611,
	0.001135,
	0.004860,
	0.008502,
	0.011999,
	0.015290,
	0.018321,
	0.021040,
	0.023400,
	0.025362,
	0.026891,
	0.027963,
	0.028558,
	0.028667,
	0.028288,
	0.027427,
	0.026100,
	0.024328,
	0.022142,
	0.019579,
	0.016684,
	0.013504,
	0.010095,
	0.006515,
	0.002825,
	-0.000913,
	-0.004635,
	-0.008276,
	-0.011775,
	-0.015073,
	-0.018113,
	-0.020842,
	-0.023215,
	-0.025192,
	-0.026737,
	-0.027826,
	-0.028439,
	-0.028565,
	-0.028204,
	-0.027361,
	-0.026050,
	-0.024294,
	-0.022123,
	-0.019575,
	-0.016692,
	-0.013524,
	-0.010125,
	-0.006554,
	-0.002872,
	0.000858,
	0.004574,
	0.008209,
	0.011704,
	0.014997,
	0.018033,
	0.020758,
	0.023128,
	0.025100,
	0.026642,
	0.027727,
	0.028336,
	0.028459,
	0.028094,
	0.027247,
	0.025933,
	0.024174,
	0.022000,
	0.019450,
	0.016566,
	0.013398,
	0.010001,
	0.006433,
	0.002756,
	-0.000969,
	-0.004675,
	-0.008301,
	-0.011783,
	-0.015061,
	-0.018080,
	-0.020787,
	-0.023136,
	-0.025087,
	-0.026606,
	-0.027666,
	-0.028250,
	-0.028347,
	-0.027957,
	-0.027085,
	-0.025748,
	-0.023967,
	-0.021773,
	-0.019205,
	-0.016307,
	-0.013128,
	-0.009724,
	-0.006153,
	-0.002476,
	0.001242,
	0.004938,
	0.008548,
	0.012009,
	0.015263,
	0.018252,
	0.020926,
	0.023238,
	0.025148,
	0.026623,
	0.027639,
	0.028176,
	0.028227,
	0.027790,
	0.026873,
	0.025492,
	0.023670,
	0.021440,
	0.018839,
	0.015913,
	0.012713,
	0.009293,
	0.005714,
	0.002036,
	-0.001676,
	-0.005358,
	-0.008947,
	-0.012380,
	-0.015597,
	-0.018544,
	-0.021169,
	-0.023426,
	-0.025277,
	-0.026690,
	-0.027640,
	-0.028110,
	-0.028092,
	-0.027588,
	-0.026605,
	-0.025161,
	-0.023281,
	-0.020997,
	-0.018349,
	-0.015384,
	-0.012152,
	-0.008709,
	-0.005117,
	-0.001436,
	0.002269,
	0.005933,
	0.009494,
	0.012889,
	0.016059,
	0.018949,
	0.021509,
	0.023694,
	0.025467,
	0.026796,
	0.027659,
	0.028041,
	0.027934,
	0.027341,
	0.026273,
	0.024747,
	0.022791,
	0.020438,
	0.017730,
	0.014713,
	0.011441,
	0.007970,
	0.004362,
	0.000677,
	-0.003018,
	-0.006659,
	-0.010184,
	-0.013530,
	-0.016639,
	-0.019458,
	-0.021936,
	-0.024031,
	-0.025705,
	-0.026931,
	-0.027686,
	-0.027958,
	-0.027741,
	-0.027040,
	-0.025866,
	-0.024240,
	-0.022192,
	-0.019756,
	-0.016975,
	-0.013898,
	-0.010579,
	-0.007075,
	-0.003448,
	0.000238,
	0.003919,
	0.007530,
	0.011009,
	0.014295,
	0.017329,
	0.020060,
	0.022438,
	0.024423,
	0.025979,
	0.027080,
	0.027706,
	0.027847,
	0.027499,
	0.026669,
	0.025372,
	0.023630,
	0.021474,
	0.018942,
	0.016078,
	0.012932,
	0.009560,
	0.006022,
	0.002378,
	-0.001307,
	-0.004967,
	-0.008540,
	-0.011962,
	-0.015173,
	-0.018116,
	-0.020741,
	-0.023000,
	-0.024855,
	-0.026272,
	-0.027226,
	-0.027702,
	-0.027690,
	-0.027191,
	-0.026214,
	-0.024776,
	-0.022902,
	-0.020625,
	-0.017985,
	-0.015030,
	-0.011810,
	-0.008383,
	-0.004809,
	-0.001151,
	0.002526,
	0.006158,
	0.009680,
	0.013031,
	0.016152,
	0.018986,
	0.021486,
	0.023605,
	0.025308,
	0.026564,
	0.027351,
	0.027654,
	0.027470,
	0.026800,
	0.025657,
	0.024062,
	0.022041,
	0.019632,
	0.016876,
	0.013823,
	0.010526,
	0.007044,
	0.003438,
	-0.000228,
	-0.003889,
	-0.007481,
	-0.010939,
	-0.014203,
	-0.017215,
	-0.019922,
	-0.022275,
	-0.024233,
	-0.025762,
	-0.026834,
	-0.027430,
	-0.027541,
	-0.027163,
	-0.026305,
	-0.024980,
	-0.023212,
	-0.021034,
	-0.018483,
	-0.015605,
	-0.012450,
	-0.009076,
	-0.005541,
	-0.001909,
	0.001756,
	0.005390,
	0.008927,
	0.012304,
	0.015462,
	0.018345,
	0.020901,
	0.023086,
	0.024859,
	0.026191,
	0.027056,
	0.027441,
	0.027337,
	0.026748,
	0.025682,
	0.024161,
	0.022209,
	0.019863,
	0.017164,
	0.014160,
	0.010905,
	0.007456,
	0.003875,
	0.000226,
	-0.003426,
	-0.007016,
	-0.010480,
	-0.013757,
	-0.016788,
	-0.019519,
	-0.021902,
	-0.023893,
	-0.025458,
	-0.026568,
	-0.027204,
	-0.027355,
	-0.027017,
	-0.026198,
	-0.024911,
	-0.023179,
	-0.021034,
	-0.018514,
	-0.015664,
	-0.012534,
	-0.009182,
	-0.005666,
	-0.002050,
	0.001603,
	0.005225,
	0.008754,
	0.012125,
	0.015278,
	0.018158,
	0.020712,
	0.022895,
	0.024667,
	0.025998,
	0.026863,
	0.027247,
	0.027143,
	0.026553,
	0.025487,
	0.023965,
	0.022014,
	0.019669,
	0.016972,
	0.013972,
	0.010721,
	0.007279,
	0.003708,
	0.000070,
	-0.003568,
	-0.007140,
	-0.010585,
	-0.013838,
	-0.016842,
	-0.019543,
	-0.021893,
	-0.023849,
	-0.025376,
	-0.026447,
	-0.027043,
	-0.027153,
	-0.026774,
	-0.025915,
	-0.024590,
	-0.022823,
	-0.020646,
	-0.018098,
	-0.015226,
	-0.012080,
	-0.008717,
	-0.005199,
	-0.001587,
	0.002052,
	0.005653,
	0.009152,
	0.012485,
	0.015593,
	0.018419,
	0.020912,
	0.023028,
	0.024729,
	0.025983,
	0.026769,
	0.027072,
	0.026887,
	0.026217,
	0.025074,
	0.023479,
	0.021461,
	0.019056,
	0.016307,
	0.013265,
	0.009984,
	0.006524,
	0.002946,
	-0.000684,
	-0.004301,
	-0.007839,
	-0.011235,
	-0.014427,
	-0.017357,
	-0.019973,
	-0.022228,
	-0.024080,
	-0.025496,
	-0.026450,
	-0.026926,
	-0.026914,
	-0.026415,
	-0.025439,
	-0.024002,
	-0.022131,
	-0.019859,
	-0.017228,
	-0.014286,
	-0.011086,
	-0.007685,
	-0.004146,
	-0.000533,
	0.003089,
	0.006654,
	0.010098,
	0.013358,
	0.016375,
	0.019094,
	0.021467,
	0.023449,
	0.025005,
	0.026107,
	0.026734,
	0.026877,
	0.026531,
	0.025703,
	0.024408,
	0.022671,
	0.020522,
	0.018000,
	0.015152,
	0.012029,
	0.008688,
	0.005190,
	0.001598,
	-0.002022,
	-0.005604,
	-0.009084,
	-0.012398,
	-0.015485,
	-0.018289,
	-0.020760,
	-0.022853,
	-0.024529,
	-0.025758,
	-0.026517,
	-0.026793,
	-0.026581,
	-0.025884,
	-0.024716,
	-0.023097,
	-0.021058,
	-0.018635,
	-0.015873,
	-0.012822,
	-0.009537,
	-0.006080,
	-0.002512,
	0.001101,
	0.004693,
	0.008198,
	0.011553,
	0.014696,
	0.017570,
	0.020123,
	0.022307,
	0.024083,
	0.025419,
	0.026289,
	0.026679,
	0.026581,
	0.025997,
	0.024938,
	0.023422,
	0.021479,
	0.019143,
	0.016457,
	0.013470,
	0.010238,
	0.006819,
	0.003276,
	-0.000327,
	-0.003922,
	-0.007445,
	-0.010831,
	-0.014018,
	-0.016946,
	-0.019564,
	-0.021822,
	-0.023680,
	-0.025103,
	-0.026066,
	-0.026550,
	-0.026546,
	-0.026056,
	-0.025088,
	-0.023659,
	-0.021796,
	-0.019534,
	-0.016913,
	-0.013983,
	-0.010796,
	-0.007412,
	-0.003892,
	-0.000301,
	0.003294,
	0.006828,
	0.010236,
	0.013454,
	0.016425,
	0.019093,
	0.021409,
	0.023330,
	0.024822,
	0.025857,
	0.026415,
	0.026487,
	0.026072,
	0.025176,
	0.023817,
	0.022020,
	0.019817,
	0.017250,
	0.014365,
	0.011216,
	0.007862,
	0.004363,
	0.000784,
	-0.002808,
	-0.006348,
	-0.009770,
	-0.013011,
	-0.016011,
	-0.018714,
	-0.021072,
	-0.023041,
	-0.024583,
	-0.025671,
	-0.026285,
	-0.026413,
	-0.026053,
	-0.025212,
	-0.023905,
	-0.022157,
	-0.019999,
	-0.017472,
	-0.014623,
	-0.011504,
	-0.008172,
	-0.004691,
	-0.001123,
	0.002465,
	0.006006,
	0.009435,
	0.012689,
	0.015707,
	0.018434,
	0.020819,
	0.022817,
	0.024392,
	0.025515,
	0.026165,
	0.026330,
	0.026007,
	0.025201,
	0.023929,
	0.022213,
	0.020085,
	0.017586,
	0.014760,
	0.011661,
	0.008347,
	0.004878,
	0.001320,
	-0.002262,
	-0.005802,
	-0.009233,
	-0.012491,
	-0.015517,
	-0.018254,
	-0.020651,
	-0.022663,
	-0.024254,
	-0.025394,
	-0.026061,
	-0.026243,
	-0.025937,
	-0.025149,
	-0.023893,
	-0.022193,
	-0.020080,
	-0.017594,
	-0.014780,
	-0.011693,
	-0.008388,
	-0.004927,
	-0.001376,
	0.002200,
	0.005735,
	0.009161,
	0.012417,
	0.015440,
	0.018174,
	0.020569,
	0.022580,
	0.024169,
	0.025307,
	0.025973,
	0.026154,
	0.025847,
	0.025057,
	0.023800,
	0.022098,
	0.019985,
	0.017498,
	0.014686,
	0.011599,
	0.008297,
	0.004840,
	0.001293,
	-0.002277,
	-0.005803,
	-0.009220,
	-0.012464,
	-0.015475,
	-0.018195,
	-0.020574,
	-0.022567,
	-0.024138,
	-0.025257,
	-0.025902,
	-0.026062,
	-0.025735,
	-0.024925,
	-0.023649,
	-0.021930,
	-0.019800,
	-0.017300,
	-0.014476,
	-0.011382,
	-0.008074,
	-0.004616,
	-0.001073,
	0.002490,
	0.006006,
	0.009408,
	0.012633,
	0.015620,
	0.018313,
	0.020662,
	0.022622,
	0.024157,
	0.025239,
	0.025845,
	0.025966,
	0.025600,
	0.024752,
	0.023439,
	0.021686,
	0.019525,
	0.016998,
	0.014152,
	0.011040,
	0.007722,
	0.004258,
	0.000716,
	-0.002840,
	-0.006341,
	-0.009722,
	-0.012919,
	-0.015872,
	-0.018526,
	-0.020830,
	-0.022741,
	-0.024223,
	-0.025249,
	-0.025798,
	-0.025861,
	-0.025436,
	-0.024532,
	-0.023166,
	-0.021363,
	-0.019157,
	-0.016590,
	-0.013711,
	-0.010574,
	-0.007238,
	-0.003766,
	-0.000223,
	0.003322,
	0.006805,
	0.010158,
	0.013318,
	0.016226,
	0.018827,
	0.021071,
	0.022917,
	0.024329,
	0.025280,
	0.025754,
	0.025740,
	0.025239,
	0.024261,
	0.022824,
	0.020956,
	0.018691,
	0.016073,
	0.013151,
	0.009981,
	0.006622,
	0.003139,
	-0.000403,
	-0.003936,
	-0.007394,
	-0.010711,
	-0.013825,
	-0.016676,
	-0.019209,
	-0.021378,
	-0.023142,
	-0.024465,
	-0.025325,
	-0.025703,
	-0.025594,
	-0.024999,
	-0.023930,
	-0.022406,
	-0.020458,
	-0.018121,
	-0.015441,
	-0.012468,
	-0.009259,
	-0.005874,
	-0.002379,
	0.001161,
	0.004678,
	0.008105,
	0.011377,
	0.014433,
	0.017213,
	0.019665,
	0.021742,
	0.023405,
	0.024623,
	0.025371,
	0.025636,
	0.025413,
	0.024706,
	0.023529,
	0.021904,
	0.019862,
	0.017442,
	0.014690,
	0.011658,
	0.008405,
	0.004993,
	0.001486,
	-0.002048,
	-0.005543,
	-0.008931,
	-0.012148,
	-0.015133,
	-0.017828,
	-0.020182,
	-0.022150,
	-0.023695,
	-0.024787,
	-0.025406,
	-0.025539,
	-0.025184,
	-0.024348,
	-0.023047,
	-0.021306,
	-0.019158,
	-0.016644,
	-0.013813,
	-0.010717,
	-0.007418,
	-0.003978,
	-0.000462,
	0.003062,
	0.006527,
	0.009866,
	0.013015,
	0.015915,
	0.018509,
	0.020748,
	0.022589,
	0.023997,
	0.024945,
	0.025415,
	0.025397,
	0.024893,
	0.023912,
	0.022472,
	0.020602,
	0.018337,
	0.015721,
	0.012804,
	0.009641,
	0.006295,
	0.002828,
	-0.000692,
	-0.004198,
	-0.007623,
	-0.010900,
	-0.013968,
	-0.016766,
	-0.019242,
	-0.021348,
	-0.023042,
	-0.024294,
	-0.025078,
	-0.025380,
	-0.025194,
	-0.024523,
	-0.023381,
	-0.021789,
	-0.019779,
	-0.017388,
	-0.014663,
	-0.011656,
	-0.008426,
	-0.005034,
	-0.001546,
	0.001971,
	0.005449,
	0.008822,
	0.012023,
	0.014993,
	0.017673,
	0.020011,
	0.021964,
	0.023492,
	0.024567,
	0.025168,
	0.025283,
	0.024911,
	0.024058,
	0.022740,
	0.020985,
	0.018824,
	0.016301,
	0.013463,
	0.010366,
	0.007069,
	0.003637,
	0.000135,
	-0.003369,
	-0.006807,
	-0.010113,
	-0.013222,
	-0.016075,
	-0.018617,
	-0.020798,
	-0.022576,
	-0.023917,
	-0.024795,
	-0.025193,
	-0.025103,
	-0.024528,
	-0.023478,
	-0.021973,
	-0.020043,
	-0.017725,
	-0.015065,
	-0.012113,
	-0.008927,
	-0.005569,
	-0.002104,
	0.001402,
	0.004879,
	0.008261,
	0.011482,
	0.014480,
	0.017196,
	0.019578,
	0.021580,
	0.023162,
	0.024294,
	0.024955,
	0.025131,
	0.024818,
	0.024024,
	0.022764,
	0.021061,
	0.018950,
	0.016470,
	0.013672,
	0.010608,
	0.007338,
	0.003927,
	0.000440,
	-0.003055,
	-0.006490,
	-0.009797,
	-0.012914,
	-0.015778,
	-0.018335,
	-0.020534,
	-0.022333,
	-0.023696,
	-0.024598,
	-0.025021,
	-0.024956,
	-0.024405,
	-0.023378,
	-0.021896,
	-0.019988,
	-0.017690,
	-0.015048,
	-0.012113,
	-0.008943,
	-0.005599,
	-0.002146,
	0.001348,
	0.004815,
	0.008187,
	0.011398,
	0.014387,
	0.017093,
	0.019466,
	0.021458,
	0.023030,
	0.024152,
	0.024801,
	0.024966,
	0.024643,
	0.023839,
	0.022568,
	0.020856,
	0.018737,
	0.016252,
	0.013450,
	0.010385,
	0.007117,
	0.003711,
	0.000233,
	-0.003248,
	-0.006666,
	-0.009952,
	-0.013043,
	-0.015877,
	-0.018400,
	-0.020562,
	-0.022320,
	-0.023641,
	-0.024497,
	-0.024874,
	-0.024763,
	-0.024166,
	-0.023095,
	-0.021572,
	-0.019626,
	-0.017295,
	-0.014625,
	-0.011669,
	-0.008484,
	-0.005134,
	-0.001683,
	0.001800,
	0.005247,
	0.008590,
	0.011763,
	0.014705,
	0.017357,
	0.019667,
	0.021590,
	0.023089,
	0.024133,
	0.024702,
	0.024785,
	0.024381,
	0.023497,
	0.022151,
	0.020370,
	0.018188,
	0.015648,
	0.012801,
	0.009702,
	0.006413,
	0.002998,
	-0.000475,
	-0.003938,
	-0.007322,
	-0.010562,
	-0.013592,
	-0.016354,
	-0.018793,
	-0.020861,
	-0.022517,
	-0.023729,
	-0.024472,
	-0.024732,
	-0.024504,
	-0.023793,
	-0.022612,
	-0.020985,
	-0.018944,
	-0.016529,
	-0.013788,
	-0.010776,
	-0.007551,
	-0.004178,
	-0.000723,
	0.002745,
	0.006159,
	0.009450,
	0.012553,
	0.015408,
	0.017957,
	0.020150,
	0.021945,
	0.023305,
	0.024203,
	0.024622,
	0.024553,
	0.023999,
	0.022969,
	0.021485,
	0.019575,
	0.017279,
	0.014640,
	0.011712,
	0.008552,
	0.005224,
	0.001792,
	-0.001674,
	-0.005106,
	-0.008436,
	-0.011598,
	-0.014529,
	-0.017172,
	-0.019473,
	-0.021387,
	-0.022877,
	-0.023911,
	-0.024471,
	-0.024545,
	-0.024131,
	-0.023239,
	-0.021884,
	-0.020095,
	-0.017908,
	-0.015364,
	-0.012516,
	-0.009420,
	-0.006137,
	-0.002733,
	0.000725,
	0.004168,
	0.007527,
	0.010735,
	0.013729,
	0.016450,
	0.018842,
	0.020859,
	0.022460,
	0.023613,
	0.024296,
	0.024495,
	0.024205,
	0.023434,
	0.022196,
	0.020515,
	0.018426,
	0.015970,
	0.013196,
	0.010160,
	0.006922,
	0.003546,
	0.000100,
	-0.003347,
	-0.006727,
	-0.009971,
	-0.013016,
	-0.015800,
	-0.018268,
	-0.020371,
	-0.022067,
	-0.023321,
	-0.024109,
	-0.024415,
	-0.024234,
	-0.023567,
	-0.022430,
	-0.020845,
	-0.018843,
	-0.016465,
	-0.013758,
	-0.010777,
	-0.007580,
	-0.004233,
	-0.000801,
	0.002646,
	0.006039,
	0.009310,
	0.012395,
	0.015230,
	0.017760,
	0.019934,
	0.021707,
	0.023046,
	0.023922,
	0.024318,
	0.024227,
	0.023650,
	0.022599,
	0.021095,
	0.019168,
	0.016858,
	0.014209,
	0.011276,
	0.008117,
	0.004796,
	0.001379,
	-0.002065,
	-0.005466,
	-0.008757,
	-0.011871,
	-0.014747,
	-0.017325,
	-0.019554,
	-0.021391,
	-0.022796,
	-0.023743,
	-0.024213,
	-0.024195,
	-0.023691,
	-0.022711,
	-0.021274,
	-0.019409,
	-0.017154,
	-0.014554,
	-0.011661,
	-0.008535,
	-0.005237,
	-0.001835,
	0.001604,
	0.005009,
	0.008313,
	0.011449,
	0.014353,
	0.016968,
	0.019239,
	0.021123,
	0.022580,
	0.023582,
	0.024107,
	0.024146,
	0.023699,
	0.022773,
	0.021387,
	0.019570,
	0.017359,
	0.014798,
	0.011938,
	0.008838,
	0.005560,
	0.002170,
	-0.001262,
	-0.004669,
	-0.007980,
	-0.011130,
	-0.014053,
	-0.016692,
	-0.018993,
	-0.020909,
	-0.022402,
	-0.023442,
	-0.024007,
	-0.024086,
	-0.023678,
	-0.022790,
	-0.021441,
	-0.019659,
	-0.017479,
	-0.014945,
	-0.012109,
	-0.009029,
	-0.005766,
	-0.002387,
	0.001040,
	0.004445,
	0.007759,
	0.010915,
	0.013849,
	0.016501,
	0.018818,
	0.020753,
	0.022267,
	0.023328,
	0.023916,
	0.024018,
	0.023633,
	0.022767,
	0.021440,
	0.019678,
	0.017516,
	0.014999,
	0.012177,
	0.009109,
	0.005856,
	0.002485,
	-0.000935,
	-0.004336,
	-0.007649,
	-0.010805,
	-0.013740,
	-0.016395,
	-0.018717,
	-0.020656,
	-0.022175,
	-0.023243,
	-0.023837,
	-0.023945,
	-0.023566,
	-0.022707,
	-0.021386,
	-0.019629,
	-0.017473,
	-0.014961,
	-0.012144,
	-0.009081,
	-0.005834,
	-0.002468,
	0.000948,
	0.004343,
	0.007650,
	0.010799,
	0.013727,
	0.016375,
	0.018688,
	0.020619,
	0.022129,
	0.023186,
	0.023770,
	0.023868,
	0.023479,
	0.022610,
	0.021279,
	0.019514,
	0.017350,
	0.014832,
	0.012012,
	0.008946,
	0.005698,
	0.002334,
	-0.001076,
	-0.004464,
	-0.007760,
	-0.010897,
	-0.013809,
	-0.016439,
	-0.018731,
	-0.020640,
	-0.022125,
	-0.023157,
	-0.023714,
	-0.023785,
	-0.023369,
	-0.022475,
	-0.021119,
	-0.019331,
	-0.017148,
	-0.014613,
	-0.011779,
	-0.008704,
	-0.005451,
	-0.002087,
	0.001319,
	0.004698,
	0.007979,
	0.011096,
	0.013984,
	0.016585,
	0.018844,
	0.020716,
	0.022162,
	0.023152,
	0.023667,
	0.023695,
	0.023236,
	0.022299,
	0.020905,
	0.019080,
	0.016864,
	0.014301,
	0.011445,
	0.008354,
	0.005092,
	0.001725,
	-0.001676,
	-0.005042,
	-0.008304,
	-0.011393,
	-0.014248,
	-0.016808,
	-0.019022,
	-0.020844,
	-0.022235,
	-0.023168,
	-0.023624,
	-0.023592,
	-0.023074,
	-0.022080,
	-0.020631,
	-0.018757,
	-0.016497,
	-0.013896,
	-0.011010,
	-0.007896,
	-0.004621,
	-0.001251,
	0.002145,
	0.005495,
	0.008731,
	0.011786,
	0.014597,
	0.017106,
	0.019261,
	0.021017,
	0.022339,
	0.023198,
	0.023578,
	0.023471,
	0.022877,
	0.021811,
	0.020294,
	0.018358,
	0.016042,
	0.013394,
	0.010470,
	0.007330,
	0.004038,
	0.000664,
	-0.002723,
	-0.006053,
	-0.009257,
	-0.012269,
	-0.015026,
	-0.017471,
	-0.019553,
	-0.021229,
	-0.022465,
	-0.023235,
	-0.023523,
	-0.023323,
	-0.022640,
	-0.021486,
	-0.019888,
	-0.017876,
	-0.015495,
	-0.012792,
	-0.009824,
	-0.006653,
	-0.003344,
	0.000034,
	0.003410,
	0.006714,
	0.009878,
	0.012837,
	0.015528,
	0.017895,
	0.019891,
	0.021472,
	0.022606,
	0.023270,
	0.023450,
	0.023141,
	0.022352,
	0.021097,
	0.019404,
	0.017307,
	0.014850,
	0.012085,
	0.009068,
	0.005864,
	0.002537,
	-0.000841,
	-0.004201,
	-0.007473,
	-0.010588,
	-0.013482,
	-0.016095,
	-0.018371,
	-0.020264,
	-0.021734,
	-0.022750,
	-0.023291,
	-0.023346,
	-0.022914,
	-0.022004,
	-0.020635,
	-0.018835,
	-0.016643,
	-0.014103,
	-0.011269,
	-0.008201,
	-0.004962,
	-0.001620,
	0.001756,
	0.005093,
	0.008324,
	0.011380,
	0.014197,
	0.016717,
	0.018887,
	0.020661,
	0.022003,
	0.022884,
	0.023286,
	0.023201,
	0.022630,
	0.021585,
	0.020089,
	0.018172,
	0.015875,
	0.013246,
	0.010341,
	0.007219,
	0.003946,
	0.000592,
	-0.002774,
	-0.006082,
	-0.009261,
	-0.012245,
	-0.014972,
	-0.017384,
	-0.019431,
	-0.021070,
	-0.022267,
	-0.022996,
	-0.023242,
	-0.023000,
	-0.022275,
	-0.021083,
	-0.019448,
	-0.017405,
	-0.014997,
	-0.012275,
	-0.009295,
	-0.006120,
	-0.002817,
	0.000544,
	0.003893,
	0.007159,
	0.010275,
	0.013173,
	0.015794,
	0.018082,
	0.019989,
	0.021475,
	0.022509,
	0.023068,
	0.023142,
	0.022729,
	0.021837,
	0.020485,
	0.018702,
	0.016525,
	0.014001,
	0.011182,
	0.008128,
	0.004904,
	0.001576,
	-0.001784,
	-0.005105,
	-0.008318,
	-0.011355,
	-0.014152,
	-0.016650,
	-0.018796,
	-0.020544,
	-0.021859,
	-0.022712,
	-0.023085,
	-0.022971,
	-0.022371,
	-0.021299,
	-0.019778,
	-0.017838,
	-0.015523,
	-0.012879,
	-0.009964,
	-0.006839,
	-0.003570,
	-0.000226,
	0.003122,
	0.006403,
	0.009548,
	0.012490,
	0.015168,
	0.017524,
	0.019508,
	0.021079,
	0.022204,
	0.022858,
	0.023028,
	0.022710,
	0.021911,
	0.020648,
	0.018947,
	0.016846,
	0.014388,
	0.011625,
	0.008617,
	0.005426,
	0.002121,
	-0.001228,
	-0.004551,
	-0.007776,
	-0.010836,
	-0.013665,
	-0.016203,
	-0.018397,
	-0.020200,
	-0.021574,
	-0.022489,
	-0.022926,
	-0.022876,
	-0.022340,
	-0.021330,
	-0.019867,
	-0.017981,
	-0.015714,
	-0.013113,
	-0.010234,
	-0.007138,
	-0.003890,
	-0.000561,
	0.002780,
	0.006061,
	0.009212,
	0.012166,
	0.014861,
	0.017239,
	0.019249,
	0.020849,
	0.022005,
	0.022692,
	0.022895,
	0.022610,
	0.021844,
	0.020612,
	0.018941,
	0.016866,
	0.014433,
	0.011692,
	0.008702,
	0.005527,
	0.002235,
	-0.001104,
	-0.004418,
	-0.007638,
	-0.010694,
	-0.013521,
	-0.016059,
	-0.018253,
	-0.020057,
	-0.021433,
	-0.022350,
	-0.022789,
	-0.022742,
	-0.022208,
	-0.021200,
	-0.019739,
	-0.017856,
	-0.015591,
	-0.012994,
	-0.010119,
	-0.007029,
	-0.003788,
	-0.000468,
	0.002862,
	0.006130,
	0.009266,
	0.012204,
	0.014879,
	0.017235,
	0.019221,
	0.020795,
	0.021924,
	0.022582,
	0.022756,
	0.022443,
	0.021648,
	0.020390,
	0.018695,
	0.016599,
	0.014147,
	0.011393,
	0.008394,
	0.005217,
	0.001928,
	-0.001402,
	-0.004701,
	-0.007899,
	-0.010926,
	-0.013718,
	-0.016214,
	-0.018362,
	-0.020115,
	-0.021436,
	-0.022295,
	-0.022675,
	-0.022568,
	-0.021975,
	-0.020911,
	-0.019396,
	-0.017465,
	-0.015159,
	-0.012527,
	-0.009626,
	-0.006519,
	-0.003271,
	0.000045,
	0.003361,
	0.006603,
	0.009702,
	0.012592,
	0.015210,
	0.017500,
	0.019412,
	0.020905,
	0.021948,
	0.022518,
	0.022601,
	0.022198,
	0.021316,
	0.019975,
	0.018203,
	0.016039,
	0.013529,
	0.010728,
	0.007695,
	0.004498,
	0.001204,
	-0.002116,
	-0.005389,
	-0.008544,
	-0.011515,
	-0.014237,
	-0.016650,
	-0.018703,
	-0.020351,
	-0.021560,
	-0.022302,
	-0.022561,
	-0.022333,
	-0.021622,
	-0.020444,
	-0.018823,
	-0.016796,
	-0.014405,
	-0.011704,
	-0.008750,
	-0.005607,
	-0.002343,
	0.000971,
	0.004263,
	0.007462,
	0.010499,
	0.013308,
	0.015828,
	0.018004,
	0.019790,
	0.021146,
	0.022044,
	0.022464,
	0.022396,
	0.021843,
	0.020816,
	0.019338,
	0.017441,
	0.015165,
	0.012561,
	0.009685,
	0.006599,
	0.003371,
	0.000070,
	-0.003232,
	-0.006463,
	-0.009553,
	-0.012434,
	-0.015045,
	-0.017329,
	-0.019235,
	-0.020723,
	-0.021760,
	-0.022324,
	-0.022402,
	-0.021993,
	-0.021106,
	-0.019759,
	-0.017983,
	-0.015816,
	-0.013306,
	-0.010506,
	-0.007478,
	-0.004288,
	-0.001005,
	0.002299,
	0.005552,
	0.008684,
	0.011625,
	0.014313,
	0.016689,
	0.018700,
	0.020303,
	0.021463,
	0.022155,
	0.022364,
	0.022085,
	0.021324,
	0.020098,
	0.018434,
	0.016368,
	0.013945,
	0.011218,
	0.008247,
	0.005096,
	0.001835,
	-0.001466,
	-0.004734,
	-0.007897,
	-0.010888,
	-0.013640,
	-0.016094,
	-0.018195,
	-0.019898,
	-0.021165,
	-0.021970,
	-0.022294,
	-0.022130,
	-0.021482,
	-0.020364,
	-0.018801,
	-0.016827,
	-0.014485,
	-0.011826,
	-0.008909,
	-0.005797,
	-0.002559,
	0.000734,
	0.004010,
	0.007198,
	0.010228,
	0.013033,
	0.015552,
	0.017729,
	0.019517,
	0.020877,
	0.021779,
	0.022203,
	0.022139,
	0.021591,
	0.020568,
	0.019094,
	0.017202,
	0.014933,
	0.012336,
	0.009468,
	0.006394,
	0.003180,
	-0.000104,
	-0.003385,
	-0.006590,
	-0.009650,
	-0.012498,
	-0.015070,
	-0.017310,
	-0.019169,
	-0.020607,
	-0.021590,
	-0.022099,
	-0.022122,
	-0.021658,
	-0.020717,
	-0.019321,
	-0.017500,
	-0.015294,
	-0.012752,
	-0.009929,
	-0.006888,
	-0.003697,
	-0.000424,
	0.002857,
	0.006074,
	0.009157,
	0.012038,
	0.014653,
	0.016944,
	0.018861,
	0.020362,
	0.021413,
	0.021992,
	0.022085,
	0.021692,
	0.020819,
	0.019488,
	0.017727,
	0.015574,
	0.013078,
	0.010294,
	0.007284,
	0.004113,
	0.000851,
	-0.002428,
	-0.005653,
	-0.008753,
	-0.011658,
	-0.014305,
	-0.016635,
	-0.018597,
	-0.020148,
	-0.021252,
	-0.021886,
	-0.022036,
	-0.021698,
	-0.020881,
	-0.019601,
	-0.017887,
	-0.015778,
	-0.013320,
	-0.010568,
	-0.007582,
	-0.004429,
	-0.001178,
	0.002098,
	0.005327,
	0.008437,
	0.011360,
	0.014030,
	0.016388,
	0.018383,
	0.019970,
	0.021113,
	0.021788,
	0.021980,
	0.021683,
	0.020906,
	0.019664,
	0.017987,
	0.015910,
	0.013481,
	0.010753,
	0.007786,
	0.004647,
	0.001406,
	-0.001866,
	-0.005096,
	-0.008212,
	-0.011145,
	-0.013829,
	-0.016206,
	-0.018221,
	-0.019831,
	-0.021000,
	-0.021701,
	-0.021919,
	-0.021650,
	-0.020899,
	-0.019682,
	-0.018028,
	-0.015973,
	-0.013563,
	-0.010851,
	-0.007898,
	-0.004769,
	-0.001536,
	0.001732,
	0.004960,
	0.008077,
	0.011014,
	0.013704,
	0.016088,
	0.018113,
	0.019734,
	0.020914,
	0.021627,
	0.021858,
	0.021600,
	0.020861,
	0.019657,
	0.018014,
	0.015969,
	0.013568,
	0.010864,
	0.007918,
	0.004796,
	0.001568,
	-0.001695,
	-0.004920,
	-0.008033,
	-0.010967,
	-0.013655,
	-0.016036,
	-0.018059,
	-0.019678,
	-0.020856,
	-0.021567,
	-0.021796,
	-0.021537,
	-0.020795,
	-0.019589,
	-0.017944,
	-0.015898,
	-0.013496,
	-0.010793,
	-0.007848,
	-0.004729,
	-0.001503,
	0.001755,
	0.004973,
	0.008079,
	0.011003,
	0.013681,
	0.016050,
	0.018060,
	0.019664,
	0.020826,
	0.021521,
	0.021733,
	0.021458,
	0.020701,
	0.019479,
	0.017820,
	0.015762,
	0.013350,
	0.010639,
	0.007689,
	0.004567,
	0.001343,
	-0.001910,
	-0.005120,
	-0.008214,
	-0.011122,
	-0.013781,
	-0.016128,
	-0.018113,
	-0.019690,
	-0.020823,
	-0.021488,
	-0.021669,
	-0.021363,
	-0.020576,
	-0.019326,
	-0.017641,
	-0.015559,
	-0.013127,
	-0.010401,
	-0.007440,
	-0.004312,
	-0.001088,
	0.002160,
	0.005358,
	0.008435,
	0.011322,
	0.013952,
	0.016268,
	0.018216,
	0.019753,
	0.020844,
	0.021465,
	0.021601,
	0.021249,
	0.020418,
	0.019127,
	0.017404,
	0.015288,
	0.012828,
	0.010078,
	0.007101,
	0.003965,
	0.000739,
	-0.002503,
	-0.005687,
	-0.008742,
	-0.011599,
	-0.014193,
	-0.016466,
	-0.018366,
	-0.019850,
	-0.020885,
	-0.021447,
	-0.021523,
	-0.021113,
	-0.020225,
	-0.018879,
	-0.017106,
	-0.014947,
	-0.012449,
	-0.009670,
	-0.006672,
	-0.003524,
	-0.000296,
	0.002937,
	0.006104,
	0.009131,
	0.011951,
	0.014499,
	0.016718,
	0.018557,
	0.019975,
	0.020940,
	0.021429,
	0.021433,
	0.020949,
	0.019991,
	0.018578,
	0.016745,
	0.014531,
	0.011988,
	0.009174,
	0.006151,
	0.002989,
	-0.000240,
	-0.003463,
	-0.006606,
	-0.009599,
	-0.012373,
	-0.014865,
	-0.017018,
	-0.018785,
	-0.020123,
	-0.021004,
	-0.021406,
	-0.021322,
	-0.020752,
	-0.019710,
	-0.018219,
	-0.016314,
	-0.014039,
	-0.011443,
	-0.008588,
	-0.005538,
	-0.002362,
	0.000867,
	0.004076,
	0.007191,
	0.010141,
	0.012860,
	0.015285,
	0.017361,
	0.019041,
	0.020286,
	0.021068,
	0.021369,
	0.021183,
	0.020513,
	0.019376,
	0.017796,
	0.015810,
	0.013464,
	0.010811,
	0.007911,
	0.004831,
	0.001642,
	-0.001585,
	-0.004774,
	-0.007854,
	-0.010754,
	-0.013407,
	-0.015753,
	-0.017738,
	-0.019318,
	-0.020455,
	-0.021124,
	-0.021310,
	-0.021008,
	-0.020226,
	-0.018981,
	-0.017301,
	-0.015226,
	-0.012803,
	-0.010086,
	-0.007140,
	-0.004031,
	-0.000829,
	0.002390,
	0.005554,
	0.008590,
	0.011429,
	0.014005,
	0.016260,
	0.018141,
	0.019606,
	0.020621,
	0.021163,
	0.021219,
	0.020788,
	0.019880,
	0.018516,
	0.016728,
	0.014556,
	0.012050,
	0.009268,
	0.006273,
	0.003136,
	-0.000074,
	-0.003281,
	-0.006412,
	-0.009395,
	-0.012161,
	-0.014647,
	-0.016796,
	-0.018559,
	-0.019894,
	-0.020772,
	-0.021171,
	-0.021084,
	-0.020511,
	-0.019467,
	-0.017974,
	-0.016069,
	-0.013793,
	-0.011201,
	-0.008351,
	-0.005310,
	-0.002147,
	0.001065,
	0.004252,
	0.007340,
	0.010259,
	0.012940,
	0.015323,
	0.017352,
	0.018980,
	0.020170,
	0.020895,
	0.021138,
	0.020893,
	0.020167,
	0.018975,
	0.017345,
	0.015315,
	0.012932,
	0.010251,
	0.007334,
	0.004248,
	0.001065,
	-0.002142,
	-0.005300,
	-0.008334,
	-0.011175,
	-0.013757,
	-0.016020,
	-0.017913,
	-0.019392,
	-0.020421,
	-0.020978,
	-0.021050,
	-0.020635,
	-0.019742,
	-0.018393,
	-0.016619,
	-0.014460,
	-0.011967,
	-0.009197,
	-0.006215,
	-0.003090,
	0.000107,
	0.003300,
	0.006416,
	0.009383,
	0.012132,
	0.014599,
	0.016727,
	0.018467,
	0.019779,
	0.020631,
	0.021005,
	0.020892,
	0.020294,
	0.019226,
	0.017711,
	0.015786,
	0.013495,
	0.010891,
	0.008035,
	0.004993,
	0.001835,
	-0.001364,
	-0.004532,
	-0.007593,
	-0.010477,
	-0.013118,
	-0.015453,
	-0.017428,
	-0.018998,
	-0.020125,
	-0.020785,
	-0.020961,
	-0.020650,
	-0.019858,
	-0.018604,
	-0.016918,
	-0.014839,
	-0.012414,
	-0.009701,
	-0.006763,
	-0.003668,
	-0.000488,
	0.002702,
	0.005829,
	0.008820,
	0.011605,
	0.014118,
	0.016302,
	0.018106,
	0.019487,
	0.020414,
	0.020864,
	0.020828,
	0.020307,
	0.019311,
	0.017865,
	0.016003,
	0.013768,
	0.011212,
	0.008394,
	0.005382,
	0.002244,
	-0.000946,
	-0.004113,
	-0.007183,
	-0.010085,
	-0.012750,
	-0.015117,
	-0.017131,
	-0.018743,
	-0.019918,
	-0.020626,
	-0.020852,
	-0.020590,
	-0.019847,
	-0.018640,
	-0.016997,
	-0.014957,
	-0.012567,
	-0.009883,
	-0.006969,
	-0.003892,
	-0.000725,
	0.002459,
	0.005585,
	0.008579,
	0.011371,
	0.013897,
	0.016096,
	0.017918,
	0.019320,
	0.020268,
	0.020741,
	0.020728,
	0.020229,
	0.019255,
	0.017830,
	0.015988,
	0.013770,
	0.011230,
	0.008426,
	0.005426,
	0.002299,
	-0.000882,
	-0.004041,
	-0.007105,
	-0.010001,
	-0.012662,
	-0.015025,
	-0.017034,
	-0.018643,
	-0.019813,
	-0.020518,
	-0.020739,
	-0.020474,
	-0.019727,
	-0.018516,
	-0.016870,
	-0.014828,
	-0.012437,
	-0.009754,
	-0.006842,
	-0.003769,
	-0.000609,
	0.002566,
	0.005679,
	0.008658,
	0.011432,
	0.013937,
	0.016113,
	0.017908,
	0.019282,
	0.020201,
	0.020643,
	0.020599,
	0.020070,
	0.019067,
	0.017615,
	0.015747,
	0.013509,
	0.010952,
	0.008138,
	0.005132,
	0.002006,
	-0.001167,
	-0.004312,
	-0.007355,
	-0.010223,
	-0.012850,
	-0.015172,
	-0.017135,
	-0.018694,
	-0.019810,
	-0.020458,
	-0.020622,
	-0.020299,
	-0.019497,
	-0.018233,
	-0.016538,
	-0.014453,
	-0.012027,
	-0.009316,
	-0.006385,
	-0.003304,
	-0.000146,
	0.003016,
	0.006105,
	0.009049,
	0.011779,
	0.014229,
	0.016341,
	0.018066,
	0.019363,
	0.020201,
	0.020560,
	0.020432,
	0.019819,
	0.018737,
	0.017211,
	0.015277,
	0.012981,
	0.010378,
	0.007529,
	0.004502,
	0.001369,
	-0.001796,
	-0.004918,
	-0.007922,
	-0.010738,
	-0.013298,
	-0.015542,
	-0.017417,
	-0.018877,
	-0.019889,
	-0.020428,
	-0.020482,
	-0.020049,
	-0.019139,
	-0.017775,
	-0.015989,
	-0.013823,
	-0.011328,
	-0.008565,
	-0.005599,
	-0.002500,
	0.000658,
	0.003800,
	0.006851,
	0.009738,
	0.012392,
	0.014751,
	0.016759,
	0.018367,
	0.019537,
	0.020242,
	0.020464,
	0.020199,
	0.019452,
	0.018243,
	0.016598,
	0.014559,
	0.012172,
	0.009496,
	0.006594,
	0.003535,
	0.000393,
	-0.002758,
	-0.005843,
	-0.008788,
	-0.011522,
	-0.013981,
	-0.016106,
	-0.017845,
	-0.019159,
	-0.020014,
	-0.020392,
	-0.020282,
	-0.019688,
	-0.018623,
	-0.017114,
	-0.015196,
	-0.012915,
	-0.010326,
	-0.007490,
	-0.004476,
	-0.001356,
	0.001796,
	0.004905,
	0.007896,
	0.010697,
	0.013242,
	0.015469,
	0.017326,
	0.018767,
	0.019759,
	0.020278,
	0.020311,
	0.019857,
	0.018928,
	0.017545,
	0.015743,
	0.013563,
	0.011059,
	0.008291,
	0.005324,
	0.002230,
	-0.000917,
	-0.004041,
	-0.007068,
	-0.009924,
	-0.012542,
	-0.014859,
	-0.016818,
	-0.018373,
	-0.019487,
	-0.020133,
	-0.020296,
	-0.019971,
	-0.019166,
	-0.017902,
	-0.016207,
	-0.014123,
	-0.011701,
	-0.008998,
	-0.006079,
	-0.003014,
	0.000122,
	0.003255,
	0.006309,
	0.009211,
	0.011890,
	0.014283,
	0.016332,
	0.017987,
	0.019210,
	0.019969,
	0.020248,
	0.020039,
	0.019348,
	0.018191,
	0.016596,
	0.014602,
	0.012256,
	0.009615,
	0.006744,
	0.003710,
	0.000587,
	-0.002549,
	-0.005623,
	-0.008561,
	-0.011292,
	-0.013750,
	-0.015875,
	-0.017618,
	-0.018935,
	-0.019795,
	-0.020176,
	-0.020071,
	-0.019482,
	-0.018422,
	-0.016917,
	-0.015004,
	-0.012729,
	-0.010148,
	-0.007321,
	-0.004318,
	-0.001212,
	0.001924,
	0.005012,
	0.007978,
	0.010751,
	0.013264,
	0.015455,
	0.017272,
	0.018671,
	0.019617,
	0.020089,
	0.020075,
	0.019575,
	0.018601,
	0.017177,
	0.015337,
	0.013126,
	0.010598,
	0.007814,
	0.004841,
	0.001751,
	-0.001381,
	-0.004478,
	-0.007467,
	-0.010274,
	-0.012831,
	-0.015077,
	-0.016956,
	-0.018424,
	-0.019445,
	-0.019994,
	-0.020057,
	-0.019634,
	-0.018735,
	-0.017381,
	-0.015605,
	-0.013451,
	-0.010971,
	-0.008224,
	-0.005279,
	-0.002206,
	0.000920,
	0.004024,
	0.007028,
	0.009862,
	0.012455,
	0.014745,
	0.016676,
	0.018201,
	0.019283,
	0.019896,
	0.020025,
	0.019667,
	0.018830,
	0.017535,
	0.015814,
	0.013708,
	0.011269,
	0.008556,
	0.005635,
	0.002577,
	-0.000542,
	-0.003648,
	-0.006665,
	-0.009518,
	-0.012139,
	-0.014463,
	-0.016435,
	-0.018006,
	-0.019137,
	-0.019801,
	-0.019983,
	-0.019676,
	-0.018890,
	-0.017644,
	-0.015967,
	-0.013901,
	-0.011495,
	-0.008810,
	-0.005910,
	-0.002867,
	0.000246,
	0.003353,
	0.006376,
	0.009244,
	0.011885,
	0.014235,
	0.016237,
	0.017842,
	0.019010,
	0.019713,
	0.019934,
	0.019668,
	0.018921,
	0.017711,
	0.016068,
	0.014032,
	0.011653,
	0.008990,
	0.006107,
	0.003075,
	-0.000032,
	-0.003137,
	-0.006165,
	-0.009041,
	-0.011695,
	-0.014062,
	-0.016084,
	-0.017712,
	-0.018905,
	-0.019635,
	-0.019883,
	-0.019644,
	-0.018923,
	-0.017739,
	-0.016119,
	-0.014104,
	-0.011744,
	-0.009096,
	-0.006226,
	-0.003203,
	-0.000102,
	0.003001,
	0.006029,
	0.008909,
	0.011570,
	0.013945,
	0.015978,
	0.017618,
	0.018825,
	0.019569,
	0.019832,
	0.019607,
	0.018901,
	0.017730,
	0.016123,
	0.014120,
	0.011770,
	0.009131,
	0.006268,
	0.003251,
	0.000155,
	-0.002944,
	-0.005970,
	-0.008849,
	-0.011509,
	-0.013886,
	-0.015920,
	-0.017561,
	-0.018770,
	-0.019516,
	-0.019781,
	-0.019558,
	-0.018854,
	-0.017685,
	-0.016080,
	-0.014079,
	-0.011732,
	-0.009095,
	-0.006235,
	-0.003221,
	-0.000129,
	0.002966,
	0.005987,
	0.008860,
	0.011514,
	0.013883,
	0.015908,
	0.017541,
	0.018740,
	0.019476,
	0.019730,
	0.019498,
	0.018783,
	0.017605,
	0.015991,
	0.013983,
	0.011629,
	0.008989,
	0.006126,
	0.003113,
	0.000023,
	-0.003066,
	-0.006080,
	-0.008942,
	-0.011582,
	-0.013936,
	-0.015944,
	-0.017556,
	-0.018734,
	-0.019448,
	-0.019680,
	-0.019424,
	-0.018688,
	-0.017488,
	-0.015856,
	-0.013831,
	-0.011463,
	-0.008812,
	-0.005943,
	-0.002927,
	0.000161,
	0.003244,
	0.006246,
	0.009093,
	0.011714,
	0.014043,
	0.016024,
	0.017606,
	0.018751,
	0.019431,
	0.019628,
	0.019337,
	0.018567,
	0.017335,
	0.015673,
	0.013622,
	0.011233,
	0.008565,
	0.005685,
	0.002664,
	-0.000423,
	-0.003498,
	-0.006486,
	-0.009312,
	-0.011906,
	-0.014203,
	-0.016146,
	-0.017688,
	-0.018788,
	-0.019421,
	-0.019571,
	-0.019233,
	-0.018417,
	-0.017142,
	-0.015440,
	-0.013354,
	-0.010936,
	-0.008246,
	-0.005351,
	-0.002323,
	0.000762,
	0.003827,
	0.006797,
	0.009596,
	0.012156,
	0.014412,
	0.016308,
	0.017797,
	0.018842,
	0.019416,
	0.019506,
	0.019109,
	0.018235,
	0.016906,
	0.015155,
	0.013026,
	0.010572,
	0.007855,
	0.004942,
	0.001906,
	-0.001177,
	-0.004230,
	-0.007177,
	-0.009944,
	-0.012461,
	-0.014667,
	-0.016505,
	-0.017931,
	-0.018907,
	-0.019411,
	-0.019428,
	-0.018960,
	-0.018017,
	-0.016624,
	-0.014815,
	-0.012635,
	-0.010139,
	-0.007390,
	-0.004456,
	-0.001412,
	0.001668,
	0.004705,
	0.007624,
	0.010351,
	0.012818,
	0.014963,
	0.016733,
	0.018083,
	0.018979,
	0.019399,
	0.019333,
	0.018782,
	0.017759,
	0.016291,
	0.014415,
	0.012177,
	0.009634,
	0.006850,
	0.003894,
	0.000841,
	-0.002233,
	-0.005250,
	-0.008134,
	-0.010813,
	-0.013221,
	-0.015295,
	-0.016985,
	-0.018248,
	-0.019052,
	-0.019376,
	-0.019213,
	-0.018567,
	-0.017455,
	-0.015903,
	-0.013952,
	-0.011650,
	-0.009055,
	-0.006233,
	-0.003254,
	-0.000195,
	0.002870,
	0.005861,
	0.008704,
	0.011327,
	0.013665,
	0.015658,
	0.017256,
	0.018419,
	0.019117,
	0.019333,
	0.019063,
	0.018311,
	0.017098,
	0.015454,
	0.013421,
	0.011049,
	0.008399,
	0.005538,
	0.002538,
	-0.000526,
	-0.003576,
	-0.006535,
	-0.009329,
	-0.011887,
	-0.014143,
	-0.016043,
	-0.017536,
	-0.018587,
	-0.019167,
	-0.019263,
	-0.018873,
	-0.018005,
	-0.016682,
	-0.014938,
	-0.012817,
	-0.010372,
	-0.007665,
	-0.004764,
	-0.001744,
	0.001320,
	0.004350,
	0.007269,
	0.010004,
	0.012485,
	0.014649,
	0.016442,
	0.017819,
	0.018743,
	0.019193,
	0.019157,
	0.018635,
	0.017641,
	0.016201,
	0.014350,
	0.012135,
	0.009614,
	0.006849,
	0.003911,
	0.000874,
	-0.002184,
	-0.005187,
	-0.008057,
	-0.010722,
	-0.013114,
	-0.015174,
	-0.016847,
	-0.018093,
	-0.018879,
	-0.019186,
	-0.019005,
	-0.018341,
	-0.017212,
	-0.015646,
	-0.013682,
	-0.011371,
	-0.008772,
	-0.005950,
	-0.002977,
	0.000070,
	0.003116,
	0.006081,
	0.008892,
	0.011475,
	0.013766,
	0.015707,
	0.017247,
	0.018349,
	0.018982,
	0.019133,
	0.018796,
	0.017981,
	0.016708,
	0.015010,
	0.012930,
	0.010521,
	0.007844,
	0.004967,
	0.001965,
	-0.001087,
	-0.004110,
	-0.007028,
	-0.009767,
	-0.012255,
	-0.014431,
	-0.016238,
	-0.017631,
	-0.018574,
	-0.019042,
	-0.019024,
	-0.018521,
	-0.017545,
	-0.016121,
	-0.014286,
	-0.012087,
	-0.009579,
	-0.006827,
	-0.003901,
	-0.000876,
	0.002171,
	0.005162,
	0.008020,
	0.010673,
	0.013052,
	0.015097,
	0.016756,
	0.017986,
	0.018755,
	0.019045,
	0.018847,
	0.018167,
	0.017023,
	0.015443,
	0.013468,
	0.011148,
	0.008543,
	0.005721,
	0.002752,
	-0.000287,
	-0.003318,
	-0.006263,
	-0.009047,
	-0.011599,
	-0.013853,
	-0.015752,
	-0.017246,
	-0.018298,
	-0.018880,
	-0.018978,
	-0.018590,
	-0.017724,
	-0.016404,
	-0.014664,
	-0.012547,
	-0.010109,
	-0.007412,
	-0.004525,
	-0.001522,
	0.001519,
	0.004521,
	0.007406,
	0.010100,
	0.012534,
	0.014645,
	0.016380,
	0.017694,
	0.018552,
	0.018934,
	0.018828,
	0.018239,
	0.017180,
	0.015680,
	0.013777,
	0.011520,
	0.008966,
	0.006183,
	0.003241,
	0.000216,
	-0.002814,
	-0.005771,
	-0.008579,
	-0.011165,
	-0.013463,
	-0.015414,
	-0.016968,
	-0.018084,
	-0.018734,
	-0.018901,
	-0.018581,
	-0.017782,
	-0.016524,
	-0.014841,
	-0.012775,
	-0.010381,
	-0.007719,
	-0.004858,
	-0.001873,
	0.001160,
	0.004163,
	0.007058,
	0.009770,
	0.012229,
	0.014372,
	0.016143,
	0.017497,
	0.018399,
	0.018826,
	0.018766,
	0.018221,
	0.017206,
	0.015745,
	0.013879,
	0.011653,
	0.009127,
	0.006366,
	0.003440,
	0.000426,
	-0.002599,
	-0.005556,
	-0.008368,
	-0.010964,
	-0.013275,
	-0.015242,
	-0.016814,
	-0.017951,
	-0.018622,
	-0.018811,
	-0.018513,
	-0.017736,
	-0.016499,
	-0.014835,
	-0.012786,
	-0.010407,
	-0.007759,
	-0.004910,
	-0.001934,
	0.001092,
	0.004088,
	0.006978,
	0.009687,
	0.012143,
	0.014285,
	0.016055,
	0.017408,
	0.018309,
	0.018734,
	0.018673,
	0.018128,
	0.017111,
	0.015651,
	0.013784,
	0.011559,
	0.009035,
	0.006276,
	0.003355,
	0.000347,
	-0.002669,
	-0.005616,
	-0.008416,
	-0.010996,
	-0.013290,
	-0.015238,
	-0.016789,
	-0.017903,
	-0.018551,
	-0.018717,
	-0.018395,
	-0.017594,
	-0.016335,
	-0.014652,
	-0.012587,
	-0.010195,
	-0.007537,
	-0.004684,
	-0.001709,
	0.001309,
	0.004293,
	0.007165,
	0.009849,
	0.012276,
	0.014382,
	0.016113,
	0.017424,
	0.018280,
	0.018659,
	0.018551,
	0.017959,
	0.016898,
	0.015397,
	0.013494,
	0.011240,
	0.008692,
	0.005918,
	0.002989,
	-0.000016,
	-0.003021,
	-0.005946,
	-0.008716,
	-0.011257,
	-0.013503,
	-0.015396,
	-0.016886,
	-0.017935,
	-0.018514,
	-0.018610,
	-0.018218,
	-0.017350,
	-0.016029,
	-0.014288,
	-0.012174,
	-0.009741,
	-0.007054,
	-0.004183,
	-0.001203,
	0.001808,
	0.004771,
	0.007608,
	0.010246,
	0.012615,
	0.014653,
	0.016306,
	0.017532,
	0.018299,
	0.018585,
	0.018385,
	0.017702,
	0.016555,
	0.014975,
	0.013002,
	0.010688,
	0.008094,
	0.005289,
	0.002345,
	-0.000660,
	-0.003647,
	-0.006537,
	-0.009256,
	-0.011731,
	-0.013897,
	-0.015698,
	-0.017086,
	-0.018026,
	-0.018491,
	-0.018471,
	-0.017965,
	-0.016987,
	-0.015563,
	-0.013730,
	-0.011536,
	-0.009040,
	-0.006306,
	-0.003406,
	-0.000418,
	0.002581,
	0.005511,
	0.008296,
	0.010861,
	0.013141,
	0.015074,
	0.016610,
	0.017708,
	0.018340,
	0.018489,
	0.018150,
	0.017334,
	0.016061,
	0.014365,
	0.012290,
	0.009893,
	0.007234,
	0.004386,
	0.001423,
	-0.001578,
	-0.004536,
	-0.007374,
	-0.010017,
	-0.012395,
	-0.014446,
	-0.016115,
	-0.017359,
	-0.018144,
	-0.018450,
	-0.018268,
	-0.017605,
	-0.016476,
	-0.014913,
	-0.012956,
	-0.010657,
	-0.008077,
	-0.005284,
	-0.002352,
	0.000642,
	0.003618,
	0.006498,
	0.009206,
	0.011670,
	0.013824,
	0.015613,
	0.016988,
	0.017913,
	0.018365,
	0.018330,
	0.017810,
	0.016819,
	0.015382,
	0.013539,
	0.011337,
	0.008836,
	0.006101,
	0.003205,
	0.000224,
	-0.002761,
	-0.005674,
	-0.008435,
	-0.010972,
	-0.013218,
	-0.015112,
	-0.016606,
	-0.017659,
	-0.018244,
	-0.018344,
	-0.017958,
	-0.017096,
	-0.015780,
	-0.014045,
	-0.011938,
	-0.009514,
	-0.006839,
	-0.003982,
	-0.001020,
	0.001969,
	0.004905,
	0.007709,
	0.010309,
	0.012634,
	0.014623,
	0.016223,
	0.017391,
	0.018097,
	0.018321,
	0.018059,
	0.017316,
	0.016112,
	0.014481,
	0.012464,
	0.010116,
	0.007499,
	0.004683,
	0.001743,
	-0.001243,
	-0.004195,
	-0.007035,
	-0.009687,
	-0.012080,
	-0.014152,
	-0.015846,
	-0.017117,
	-0.017932,
	-0.018269,
	-0.018119,
	-0.017486,
	-0.016387,
	-0.014852,
	-0.012920,
	-0.010644,
	-0.008085,
	-0.005311,
	-0.002395,
	0.000584,
	0.003547,
	0.006414,
	0.009110,
	0.011562,
	0.013705,
	0.015482,
	0.016845,
	0.017758,
	0.018196,
	0.018148,
	0.017615,
	0.016611,
	0.015164,
	0.013311,
	0.011104,
	0.008599,
	0.005865,
	0.002975,
	0.000006,
	-0.002963,
	-0.005852,
	-0.008583,
	-0.011085,
	-0.013290,
	-0.015138,
	-0.016581,
	-0.017580,
	-0.018108,
	-0.018150,
	-0.017707,
	-0.016790,
	-0.015423,
	-0.013643,
	-0.011497,
	-0.009045,
	-0.006350,
	-0.003485,
	-0.000528,
	0.002443,
	0.005348,
	0.008109,
	0.010652,
	0.012909,
	0.014819,
	0.016331,
	0.017405,
	0.018011,
	0.018134,
	0.017770,
	0.016929,
	0.015633,
	0.013918,
	0.011830,
	0.009424,
	0.006765,
	0.003925,
	0.000981,
	-0.001990,
	-0.004907,
	-0.007691,
	-0.010268,
	-0.012568,
	-0.014530,
	-0.016101,
	-0.017238,
	-0.017912,
	-0.018103,
	-0.017808,
	-0.017033,
	-0.015800,
	-0.014142,
	-0.012104,
	-0.009740,
	-0.007114,
	-0.004297,
	-0.001365,
	0.001603,
	0.004527,
	0.007329,
	0.009933,
	0.012269,
	0.014274,
	0.015894,
	0.017084,
	0.017814,
	0.018064,
	0.017826,
	0.017107,
	0.015928,
	0.014318,
	0.012323,
	0.009995,
	0.007398,
	0.004602,
	0.001683,
	-0.001282,
	-0.004212,
	-0.007027,
	-0.009652,
	-0.012016,
	-0.014054,
	-0.015713,
	-0.016947,
	-0.017722,
	-0.018019,
	-0.017828,
	-0.017155,
	-0.016019,
	-0.014449,
	-0.012490,
	-0.010192,
	-0.007620,
	-0.004841,
	-0.001933,
	0.001028,
	0.003960,
	0.006784,
	0.009425,
	0.011809,
	0.013874,
	0.015562,
	0.016828,
	0.017639,
	0.017971,
	0.017817,
	0.017179,
	0.016077,
	0.014538,
	0.012606,
	0.010333,
	0.007780,
	0.005016,
	0.002117,
	-0.000840,
	-0.003772,
	-0.006602,
	-0.009252,
	-0.011651,
	-0.013733,
	-0.015442,
	-0.016731,
	-0.017566,
	-0.017924,
	-0.017795,
	-0.017182,
	-0.016103,
	-0.014587,
	-0.012675,
	-0.010418,
	-0.007879,
	-0.005127,
	-0.002235,
	0.000717,
	0.003649,
	0.006481,
	0.009136,
	0.011542,
	0.013634,
	0.015355,
	0.016657,
	0.017506,
	0.017879,
	0.017764,
	0.017166,
	0.016101,
	0.014597,
	0.012697,
	0.010451,
	0.007920,
	0.005174,
	0.002288,
	-0.000660,
	-0.003589,
	-0.006420,
	-0.009076,
	-0.011484,
	-0.013578,
	-0.015301,
	-0.016607,
	-0.017460,
	-0.017836,
	-0.017725,
	-0.017131,
	-0.016070,
	-0.014570,
	-0.012673,
	-0.010430,
	-0.007903,
	-0.005160,
	-0.002277,
	0.000668,
	0.003593,
	0.006421,
	0.009072,
	0.011475,
	0.013563,
	0.015281,
	0.016581,
	0.017427,
	0.017796,
	0.017679,
	0.017079,
	0.016011,
	0.014505,
	0.012603,
	0.010357,
	0.007827,
	0.005084,
	0.002202,
	-0.000740,
	-0.003661,
	-0.006481,
	-0.009123,
	-0.011515,
	-0.013591,
	-0.015294,
	-0.016578,
	-0.017407,
	-0.017759,
	-0.017625,
	-0.017007,
	-0.015923,
	-0.014403,
	-0.012488,
	-0.010231,
	-0.007694,
	-0.004946,
	-0.002063,
	0.000876,
	0.003791,
	0.006601,
	0.009229,
	0.011603,
	0.013659,
	0.015339,
	0.016597,
	0.017400,
	0.017724,
	0.017561,
	0.016916,
	0.015807,
	0.014263,
	0.012327,
	0.010053,
	0.007503,
	0.004747,
	0.001861,
	-0.001076,
	-0.003982,
	-0.006779,
	-0.009388,
	-0.011739,
	-0.013766,
	-0.015414,
	-0.016637,
	-0.017402,
	-0.017688,
	-0.017487,
	-0.016804,
	-0.015659,
	-0.014082,
	-0.012118,
	-0.009821,
	-0.007253,
	-0.004486,
	-0.001595,
	0.001338,
	0.004235,
	0.007014,
	0.009599,
	0.011919,
	0.013910,
	0.015516,
	0.016695,
	0.017412,
	0.017649,
	0.017399,
	0.016669,
	0.015478,
	0.013861,
	0.011861,
	0.009534,
	0.006944,
	0.004163,
	0.001267,
	-0.001663,
	-0.004547,
	-0.007304,
	-0.009860,
	-0.012142,
	-0.014088,
	-0.015644,
	-0.016768,
	-0.017427,
	-0.017604,
	-0.017295,
	-0.016507,
	-0.015262,
	-0.013596,
	-0.011553,
	-0.009191,
	-0.006575,
	-0.003778,
	-0.000876,
	0.002049,
	0.004917,
	0.007649,
	0.010168,
	0.012404,
	0.014297,
	0.015793,
	0.016851,
	0.017442,
	0.017550,
	0.017170,
	0.016315,
	0.015007,
	0.013284,
	0.011192,
	0.008790,
	0.006145,
	0.003330,
	0.000423,
	-0.002496,
	-0.005344,
	-0.008044,
	-0.010520,
	-0.012703,
	-0.014533,
	-0.015959,
	-0.016942,
	-0.017454,
	-0.017480,
	-0.017021,
	-0.016089,
	-0.014710,
	-0.012923,
	-0.010776,
	-0.008330,
	-0.005653,
	-0.002819,
	0.000092,
	0.003001,
	0.005826,
	0.008487,
	0.010913,
	0.013034,
	0.014792,
	0.016138,
	0.017034,
	0.017456,
	0.017392,
	0.016843,
	0.015825,
	0.014367,
	0.012508,
	0.010302,
	0.007808,
	0.005098,
	0.002246,
	-0.000668,
	-0.003563,
	-0.006359,
	-0.008976,
	-0.011342,
	-0.013392,
	-0.015068,
	-0.016322,
	-0.017122,
	-0.017443,
	-0.017277,
	-0.016629,
	-0.015517,
	-0.013972,
	-0.012037,
	-0.009766,
	-0.007223,
	-0.004479,
	-0.001609,
	0.001304,
	0.004181,
	0.006940,
	0.009505,
	0.011803,
	0.013772,
	0.015354,
	0.016507,
	0.017199,
	0.017409,
	0.017132,
	0.016375,
	0.015161,
	0.013522,
	0.011506,
	0.009167,
	0.006573,
	0.003795,
	0.000911,
	-0.001998,
	-0.004850,
	-0.007566,
	-0.010070,
	-0.012291,
	-0.014167,
	-0.015645,
	-0.016685,
	-0.017257,
	-0.017346,
	-0.016947,
	-0.016074,
	-0.014750,
	-0.013012,
	-0.010910,
	-0.008502,
	-0.005856,
	-0.003046,
	-0.000151,
	0.002747,
	0.005568,
	0.008232,
	0.010665,
	0.012798,
	0.014570,
	0.015933,
	0.016849,
	0.017290,
	0.017246,
	0.016717,
	0.015719,
	0.014279,
	0.012437,
	0.010246,
	0.007768,
	0.005071,
	0.002233,
	-0.000668,
	-0.003550,
	-0.006331,
	-0.008933,
	-0.011284,
	-0.013317,
	-0.014974,
	-0.016210,
	-0.016989,
	-0.017289,
	-0.017102,
	-0.016434,
	-0.015303,
	-0.013741,
	-0.011792,
	-0.009511,
	-0.006963,
	-0.004218,
	-0.001356,
	0.001545,
	0.004401,
	0.007133,
	0.009663,
	0.011920,
	0.013840,
	0.015370,
	0.016465,
	0.017096,
	0.017244,
	0.016905,
	0.016090,
	0.014820,
	0.013131,
	0.011073,
	0.008702,
	0.006085,
	0.003297,
	0.000417,
	-0.002475,
	-0.005297,
	-0.007968,
	-0.010413,
	-0.012564,
	-0.014359,
	-0.015747,
	-0.016690,
	-0.017161,
	-0.017146,
	-0.016647,
	-0.015676,
	-0.014262,
	-0.012444,
	-0.010275,
	-0.007815,
	-0.005134,
	-0.002309,
	0.000582,
	0.003455,
	0.006230,
	0.008828,
	0.011176,
	0.013206,
	0.014862,
	0.016096,
	0.016874,
	0.017173,
	0.016986,
	0.016316,
	0.015185,
	0.013622,
	0.011674,
	0.009395,
	0.006849,
	0.004110,
	0.001255,
	-0.001636,
	-0.004479,
	-0.007195,
	-0.009706,
	-0.011941,
	-0.013837,
	-0.015339,
	-0.016405,
	-0.017005,
	-0.017122,
	-0.016752,
	-0.015906,
	-0.014608,
	-0.012895,
	-0.010816,
	-0.008430,
	-0.005804,
	-0.003014,
	-0.000139,
	0.002740,
	0.005540,
	0.008183,
	0.010591,
	0.012698,
	0.014444,
	0.015777,
	0.016662,
	0.017071,
	0.016995,
	0.016434,
	0.015406,
	0.013939,
	0.012075,
	0.009867,
	0.007379,
	0.004680,
	0.001849,
	-0.001035,
	-0.003888,
	-0.006630,
	-0.009183,
	-0.011473,
	-0.013435,
	-0.015014,
	-0.016164,
	-0.016853,
	-0.017061,
	-0.016782,
	-0.016023,
	-0.014808,
	-0.013170,
	-0.011156,
	-0.008824,
	-0.006240,
	-0.003479,
	-0.000618,
	0.002259,
	0.005071,
	0.007738,
	0.010184,
	0.012338,
	0.014138,
	0.015534,
	0.016486,
	0.016966,
	0.016961,
	0.016470,
	0.015509,
	0.014104,
	0.012295,
	0.010135,
	0.007685,
	0.005016,
	0.002204,
	-0.000671,
	-0.003527,
	-0.006280,
	-0.008854,
	-0.011173,
	-0.013172,
	-0.014793,
	-0.015990,
	-0.016728,
	-0.016987,
	-0.016758,
	-0.016050,
	-0.014881,
	-0.013286,
	-0.011310,
	-0.009010,
	-0.006452,
	-0.003709,
	-0.000860,
	0.002013,
	0.004827,
	0.007503,
	0.009962,
	0.012135,
	0.013960,
	0.015383,
	0.016364,
	0.016875,
	0.016901,
	0.016441,
	0.015509,
	0.014132,
	0.012348,
	0.010210,
	0.007779,
	0.005125,
	0.002324,
	-0.000544,
	-0.003395,
	-0.006149,
	-0.008724,
	-0.011049,
	-0.013055,
	-0.014685,
	-0.015892,
	-0.016641,
	-0.016911,
	-0.016695,
	-0.015997,
	-0.014839,
	-0.013254,
	-0.011287,
	-0.008995,
	-0.006445,
	-0.003710,
	-0.000868,
	0.001999,
	0.004807,
	0.007477,
	0.009930,
	0.012096,
	0.013913,
	0.015329,
	0.016302,
	0.016805,
	0.016823,
	0.016355,
	0.015415,
	0.014031,
	0.012241,
	0.010099,
	0.007666,
	0.005011,
	0.002213,
	-0.000650,
	-0.003492,
	-0.006234,
	-0.008795,
	-0.011101,
	-0.013086,
	-0.014692,
	-0.015874,
	-0.016596,
	-0.016838,
	-0.016593,
	-0.015869,
	-0.014685,
	-0.013077,
	-0.011091,
	-0.008785,
	-0.006224,
	-0.003484,
	-0.000644,
	0.002215,
	0.005009,
	0.007657,
	0.010084,
	0.012217,
	0.013997,
	0.015371,
	0.016299,
	0.016754,
	0.016724,
	0.016210,
	0.015225,
	0.013800,
	0.011974,
	0.009802,
	0.007346,
	0.004677,
	0.001873,
	-0.000985,
	-0.003814,
	-0.006531,
	-0.009059,
	-0.011323,
	-0.013258,
	-0.014808,
	-0.015928,
	-0.016585,
	-0.016760,
	-0.016448,
	-0.015659,
	-0.014415,
	-0.012752,
	-0.010719,
	-0.008375,
	-0.005788,
	-0.003034,
	-0.000191,
	0.002657,
	0.005426,
	0.008038,
	0.010415,
	0.012489,
	0.014199,
	0.015496,
	0.016342,
	0.016712,
	0.016595,
	0.015995,
	0.014930,
	0.013430,
	0.011540,
	0.009314,
	0.006817,
	0.004121,
	0.001307,
	-0.001546,
	-0.004353,
	-0.007032,
	-0.009506,
	-0.011703,
	-0.013558,
	-0.015017,
	-0.016038,
	-0.016591,
	-0.016661,
	-0.016244,
	-0.015353,
	-0.014015,
	-0.012268,
	-0.010163,
	-0.007762,
	-0.005134,
	-0.002358,
	0.000487,
	0.003318,
	0.006050,
	0.008606,
	0.010910,
	0.012895,
	0.014502,
	0.015686,
	0.016411,
	0.016656,
	0.016414,
	0.015692,
	0.014512,
	0.012907,
	0.010926,
	0.008625,
	0.006072,
	0.003342,
	0.000515,
	-0.002327,
	-0.005100,
	-0.007724,
	-0.010121,
	-0.012221,
	-0.013963,
	-0.015296,
	-0.016180,
	-0.016591,
	-0.016515,
	-0.015956,
	-0.014929,
	-0.013465,
	-0.011606,
	-0.009408,
	-0.006934,
	-0.004258,
	-0.001457,
	0.001387,
	0.004189,
	0.006867,
	0.009344,
	0.011546,
	0.013409,
	0.014878,
	0.015910,
	0.016475,
	0.016557,
	0.016152,
	0.015273,
	0.013946,
	0.012209,
	0.010114,
	0.007722,
	0.005104,
	0.002336,
	-0.000499,
	-0.003320,
	-0.006043,
	-0.008587,
	-0.010879,
	-0.012850,
	-0.014443,
	-0.015611,
	-0.016320,
	-0.016548,
	-0.016289,
	-0.015552,
	-0.014356,
	-0.012739,
	-0.010747,
	-0.008438,
	-0.005882,
	-0.003153,
	-0.000332,
	0.002499,
	0.005256,
	0.007857,
	0.010226,
	0.012294,
	0.013999,
	0.015291,
	0.016132,
	0.016497,
	0.016376,
	0.015772,
	0.014703,
	0.013201,
	0.011310,
	0.009085,
	0.006592,
	0.003906,
	0.001105,
	-0.001729,
	-0.004511,
	-0.007159,
	-0.009595,
	-0.011748,
	-0.013553,
	-0.014958,
	-0.015920,
	-0.016413,
	-0.016420,
	-0.015942,
	-0.014993,
	-0.013601,
	-0.011807,
	-0.009665,
	-0.007237,
	-0.004596,
	-0.001819,
	0.001011,
	0.003811,
	0.006497,
	0.008991,
	0.011218,
	0.013113,
	0.014620,
	0.015693,
	0.016302,
	0.016428,
	0.016067,
	0.015231,
	0.013944,
	0.012244,
	0.010181,
	0.007818,
	0.005223,
	0.002473,
	-0.000349,
	-0.003160,
	-0.005877,
	-0.008419,
	-0.010711,
	-0.012686,
	-0.014283,
	-0.015457,
	-0.016172,
	-0.016407,
	-0.016155,
	-0.015424,
	-0.014235,
	-0.012624,
	-0.010638,
	-0.008337,
	-0.005789,
	-0.003069,
	-0.000259,
	0.002559,
	0.005300,
	0.007883,
	0.010232,
	0.012276,
	0.013954,
	0.015218,
	0.016029,
	0.016363,
	0.016211,
	0.015577,
	0.014479,
	0.012951,
	0.011038,
	0.008797,
	0.006295,
	0.003606,
	0.000810,
	-0.002010,
	-0.004770,
	-0.007386,
	-0.009783,
	-0.011888,
	-0.013638,
	-0.014982,
	-0.015879,
	-0.016303,
	-0.016241,
	-0.015696,
	-0.014682,
	-0.013231,
	-0.011386,
	-0.009202,
	-0.006744,
	-0.004085,
	-0.001304,
	0.001514,
	0.004287,
	0.006932,
	0.009369,
	0.011526,
	0.013339,
	0.014754,
	0.015728,
	0.016232,
	0.016251,
	0.015785,
	0.014847,
	0.013467,
	0.011684,
	0.009553,
	0.007136,
	0.004507,
	0.001743,
	-0.001072,
	-0.003855,
	-0.006522,
	-0.008993,
	-0.011195,
	-0.013062,
	-0.014538,
	-0.015579,
	-0.016153,
	-0.016244,
	-0.015849,
	-0.014980,
	-0.013662,
	-0.011936,
	-0.009853,
	-0.007475,
	-0.004873,
	-0.002126,
	0.000684,
	0.003473,
	0.006157,
	0.008657,
	0.010897,
	0.012809,
	0.014338,
	0.015436,
	0.016072,
	0.016225,
	0.015892,
