0.000000000
0.000015328
0.000091806
0.000290091
0.000670179
0.001291402
0.002212417
0.003491204
0.005185055
0.007350575
0.010043670
0.013319545
0.017232695
0.021836903
0.027185230
0.033330014
0.040322861
0.048214643
0.057055488
0.066894779
0.077781147
0.089762466
0.102885848
0.117197638
0.132743411
0.149567962
0.167715309
0.187228681
0.208150520
0.230522470
0.254385378
0.279779287
0.306743434
0.335316244
0.365535325
0.397437469
0.431058643
0.466433987
0.503597813
0.542583598
0.583423982
0.626150765
0.670794905
0.717386512
0.765954848
0.816528322
0.869134489
0.923800047
0.980550832
1.039411822
1.100407126
1.163559989
1.228892788
1.296427028
1.366183343
1.438181492
1.512440359
1.588977951
1.667811398
1.748956949
1.832429974
1.918244962
2.006415517
2.096954364
2.189873343
2.285183410
2.382894638
2.483016215
2.585556445
2.690522748
2.797921662
2.907758839
3.020039048
3.134766179
3.251943238
3.371572350
3.493654762
3.618190843
3.745180084
3.874621100
4.006511634
4.140848555
4.277627864
4.416844692
4.558493304
4.702567103
4.849058630
4.997959566
5.149260737
5.302952118
5.459022831
5.617461153
5.778254517
5.941389517
6.106851909
6.274626617
6.444697738
6.617048541
6.791661477
6.968518181
7.147599475
7.328885374
7.512355092
7.697987045
7.885758856
8.075647361
8.267628616
8.461677899
8.657769717
8.855877814
9.055975175
9.258034030
9.462025864
9.667921422
9.875690714
10.085303020
10.296726920
10.509930240
10.724880140
10.941543060
11.159884750
11.379870280
11.601464040
11.824629760
12.049330500
12.275528660
12.503186020
12.732263690
12.962722190
13.194521380
13.427620540
13.661978340
13.897552850
14.134301560
14.372181390
14.611148700
14.851159270
15.092168350
15.334130670
15.577000400
15.820731210
16.065276280
16.310588260
16.556619350
16.803321230
17.050645170
17.298541940
17.546961890
17.795854920
18.045170540
18.294857820
18.544865440
18.795141690
19.045634490
19.296291400
19.547059610
19.797885980
20.048717040
20.299499000
20.550177760
20.800698940
21.051007860
21.301049600
21.550768950
21.800110480
22.049018510
22.297437160
22.545310330
22.792581730
23.039194900
23.285093200
23.530219830
23.774517860
24.017930230
24.260399770
24.501869190
24.742281130
24.981578150
25.219702730
25.456597330
25.692204360
25.926466200
26.159325250
26.390723880
26.620604500
26.848909550
27.075581530
27.300562980
27.523796510
27.745224840
27.964790790
28.182437270
28.398107350
28.611744230
28.823291260
29.032691980
29.239890090
29.444829530
29.647454400
29.847709070
30.045538130
30.240886430
30.433699090
30.623921510
30.811499390
30.996378740
31.178505880
31.357827480
31.534290570
31.707842530
31.878431130
32.046004520
32.210511260
32.371900340
32.530121160
32.685123600
32.836857970
32.985275070
33.130326180
33.271963080
33.410138050
33.544803920
33.675914050
33.803422350
33.927283280
34.047451900
34.163883840
34.276535360
34.385363300
34.490325160
34.591379040
34.688483740
34.781598690
34.870684000
34.955700480
35.036609620
35.113373650
35.185955490
35.254318800
35.318428020
35.378248300
35.433745570
35.484886560
35.531638770
35.573970490
35.611850840
35.645249750
35.674137980
35.698487120
35.718269630
35.733458820
35.744028860
35.749954810
35.751212610
35.747779100
35.739632020
35.726750020
35.709112700
35.686700550
35.659495020
35.627478500
35.590634350
35.548946860
35.502401310
35.450983960
35.394682030
35.333483750
35.267378340
35.196356010
35.120408000
35.039526540
34.953704900
34.862937360
34.767219230
34.666546860
34.560917640
34.450330010
34.334783440
34.214278470
34.088816690
33.958400740
33.823034330
33.682722250
33.537470340
33.387285510
33.232175760
33.072150160
32.907218840
32.737393030
32.562685030
32.383108240
32.198677120
32.009407210
31.815315160
31.616418690
31.412736590
31.204288740
30.991096120
30.773180770
30.550565820
