Time(s)	Displacement(m)
0	0
0.01	2.83535870362647E-09
0.02	5.90122357316639E-09
0.03	9.40187713687094E-09
0.04	1.34353768301003E-08
0.05	1.7445475546056E-08
0.06	2.05608453845033E-08
0.07	2.21462505266174E-08
0.08	2.07094312810931E-08
0.09	1.33315385496084E-08
0.1	1.39227586236765E-09
0.11	-1.39568401384559E-08
0.12	-3.4756489040205E-08
0.13	-5.95536728017769E-08
0.14	-8.1781238362941E-08
0.15	-9.23133691523824E-08
0.16	-9.46918597979269E-08
0.17	-1.04634922074294E-07
0.18	-1.28872451781817E-07
0.19	-1.65634134295018E-07
0.2	-2.07765702750175E-07
0.21	-2.40661399857685E-07
0.22	-2.65660060415551E-07
0.23	-3.07092349078193E-07
0.24	-3.74516066332235E-07
0.25	-4.57362432153532E-07
0.26	-5.55694031128462E-07
0.27	-7.10744983138268E-07
0.28	-9.78996053178072E-07
0.29	-1.28948303034E-06
0.3	-1.58410764611368E-06
0.31	-1.84381322196485E-06
0.32	-2.06209376888477E-06
0.33	-2.20556303179073E-06
0.34	-2.315500923909E-06
0.35	-2.50381495196008E-06
0.36	-2.83524621167155E-06
0.37	-3.23660806550421E-06
0.38	-3.69672083682489E-06
0.39	-4.23101310915982E-06
0.4	-4.79075229236758E-06
0.41	-5.3815501508099E-06
0.42	-6.04604848308929E-06
0.43	-6.7520974979958E-06
0.44	-7.41502005915195E-06
0.45	-8.04975830518039E-06
0.46	-8.78653764210101E-06
0.47	-9.63133309485916E-06
0.48	-1.05021853298804E-05
0.49	-1.14244865717448E-05
0.5	-1.23345801828889E-05
0.51	-1.32381064150793E-05
0.52	-1.42173204139664E-05
0.53	-1.52637089130559E-05
0.54	-1.64119303149656E-05
0.55	-1.78066417262559E-05
0.56	-1.94894640919705E-05
0.57	-2.14816969184636E-05
0.58	-2.3672192807046E-05
0.59	-2.59400918653181E-05
0.6	-2.80987886724525E-05
0.61	-3.00694526531706E-05
0.62	-3.20276677122064E-05
0.63	-3.40873684589344E-05
0.64	-3.62733535410798E-05
0.65	-3.84472448416646E-05
0.66	-4.04614662806602E-05
0.67	-4.25138141792316E-05
0.68	-4.4874725909534E-05
0.69	-4.75871982705751E-05
0.7	-5.05669521248629E-05
0.71	-5.37642096293219E-05
0.72	-5.7047329221804E-05
0.73	-6.02554312167282E-05
0.74	-6.31446964162978E-05
0.75	-6.59249260706396E-05
0.76	-6.88594927382693E-05
0.77	-7.18077743240163E-05
0.78	-7.47256506020859E-05
0.79	-7.78475385630446E-05
0.8	-8.10148822856663E-05
0.81	-8.4086411146365E-05
0.82	-8.69580872114972E-05
0.83	-8.95770595734557E-05
0.84	-9.20110533372989E-05
0.85	-9.43324019781316E-05
0.86	-9.66039255872971E-05
0.87	-9.89213596612153E-05
0.88	-0.000101186731922272
0.89	-0.000103415926121151
0.9	-0.000106112520354809
0.91	-0.000109299827298317
0.92	-0.000113109328396927
0.93	-0.000118076991132723
0.94	-0.000123816461100585
0.95	-0.00012966362358264
0.96	-0.000135214520317682
0.97	-0.000140486275048831
0.98	-0.00014567085253259
0.99	-0.000150847095996614
1	-0.000156096829984396
1.01	-0.000161710352806312
1.02	-0.000167688001064157
1.03	-0.000174167587333884
1.04	-0.000181238131416716
1.05	-0.000188493002310753
1.06	-0.000195736175955759
1.07	-0.000203158032573113
1.08	-0.000210553158262933
1.09	-0.000217152630009713
1.1	-0.000222639992754686
1.11	-0.000227405397308299
1.12	-0.000232355803405
1.13	-0.000237400394082149
1.14	-0.000242438692756081
1.15	-0.000248052123307395
1.16	-0.000254389081980134
1.17	-0.000260737032218106
1.18	-0.000266493750979937
1.19	-0.00027172999271737
1.2	-0.000276790218566904
1.21	-0.000282356073403882
1.22	-0.000288908682028941
1.23	-0.000296360180504351
1.24	-0.00030432608013829
1.25	-0.000312460074798969
1.26	-0.000320536624608396
1.27	-0.00032837397882308
1.28	-0.000336035063980276
1.29	-0.000343956007526759
1.3	-0.000352410378513802
1.31	-0.000361269920862411
1.32	-0.000370024343227241
1.33	-0.000378163834879991
1.34	-0.000385687030053602
1.35	-0.000392747767172771
1.36	-0.000399543936825641
1.37	-0.00040676800560336
1.38	-0.00041449382288397
1.39	-0.000422397219934139
1.4	-0.00043050862184761
1.41	-0.000438788825905839
1.42	-0.000446583427231287
1.43	-0.000453322054150153
1.44	-0.000459727888413833
1.45	-0.000466665620111271
1.46	-0.00047407803497161
1.47	-0.00048247983890017
1.48	-0.000491804573913783
1.49	-0.000501357849254903
1.5	-0.000510263390422138
1.51	-0.000518394985551393
1.52	-0.000526346351373336
1.53	-0.000534535025249232
1.54	-0.000543072539165369
1.55	-0.000552113869845182
1.56	-0.00056134399800893
1.57	-0.00057038032350968
1.58	-0.000579035056491891
1.59	-0.000587436598990517
1.6	-0.000595858357769242
1.61	-0.000604829864338601
1.62	-0.000614397537213214
1.63	-0.000624183129631303
1.64	-0.000633619098137711
1.65	-0.000642210420866181
1.66	-0.000649856581006751
1.67	-0.000656857204010194
1.68	-0.000663311589999963
1.69	-0.000669918880979948
1.7	-0.000677665547912961
1.71	-0.000687451244110816
1.72	-0.000698793772489381
1.73	-0.000710782502939705
1.74	-0.000722489173636038
1.75	-0.000733726940232545
1.76	-0.000744217328624356
1.77	-0.000753890036837776
1.78	-0.000762756557913337
1.79	-0.000770660777270774
1.8	-0.000778288565570509
1.81	-0.000786221166474294
1.82	-0.000794610824158292
1.83	-0.000802953269933446
1.84	-0.000810500202067931
1.85	-0.000816498602090865
1.86	-0.000821122881413682
1.87	-0.000825175478212916
1.88	-0.000829643028222075
1.89	-0.000835245632492392
1.9	-0.000843597930729608
1.91	-0.000854663834473685
1.92	-0.00086820641195866
1.93	-0.000884011232873489
1.94	-0.000901111581658635
1.95	-0.000918788846872868
1.96	-0.000935607388551892
1.97	-0.000950332222794613
1.98	-0.000962240749356087
1.99	-0.000971605275797708
2	-0.000978079968316235
2.01	-0.000981265620153605
2.02	-0.000983367483179365
2.03	-0.000987611421050865
2.04	-0.000995959588091499
2.05	-0.00100821857862873
2.06	-0.00102362482444078
2.07	-0.00103966565555169
2.08	-0.00105486065819962
2.09	-0.00106924175072669
2.1	-0.00108438363034578
2.11	-0.00110174568989231
2.12	-0.00112198712746513
2.13	-0.00114533539092859
2.14	-0.00117357605192222
2.15	-0.00120629154363032
2.16	-0.00124185294124458
2.17	-0.00127960462899304
2.18	-0.00131932972284234
2.19	-0.00136077209446388
2.2	-0.00140203910475121
2.21	-0.00144100175573023
2.22	-0.00147495816528104
2.23	-0.00150385843183319
2.24	-0.00153146001933123
2.25	-0.00156286398888881
2.26	-0.00159881242703469
2.27	-0.00163710327976019
2.28	-0.00167554143466869
2.29	-0.00171497492526992
2.3	-0.00175769322758887
2.31	-0.00180486482073289
2.32	-0.00185659961996212
2.33	-0.00191307302040738
2.34	-0.0019724467165732
2.35	-0.00203386018762038
2.36	-0.00209729091936302
2.37	-0.00216149559008467
2.38	-0.00222364234766899
2.39	-0.00228088446256474
2.4	-0.00233500141771088
2.41	-0.00238816960348942
2.42	-0.00244005690582135
2.43	-0.00248929889153978
2.44	-0.00253583690621211
2.45	-0.00258262673372444
2.46	-0.00263157217960159
2.47	-0.00268307817107482
2.48	-0.00273558916770819
2.49	-0.00278692810051488
2.5	-0.00283681714987573
2.51	-0.00288863736152888
2.52	-0.00294763703003473
2.53	-0.00301357864631376
2.54	-0.0030852469575242
2.55	-0.00316182222813169
2.56	-0.00324053246363709
2.57	-0.00331697837020342
2.58	-0.00338543761313912
2.59	-0.00344479318654364
2.6	-0.0034957721935256
2.61	-0.00354124735482892
2.62	-0.00358248845387278
2.63	-0.00361970816353011
2.64	-0.00365395778618086
2.65	-0.00368656005750115
2.66	-0.00372083080078634
2.67	-0.00375883046530211
2.68	-0.00380218902917625
2.69	-0.00384950593482185
2.7	-0.00389615589556103
2.71	-0.00393449739184343
2.72	-0.00396298845834492
2.73	-0.00398303673522233
2.74	-0.00400025644339969
2.75	-0.00402101301509078
2.76	-0.00404848091806353
2.77	-0.00408147217968985
2.78	-0.00411774738723572
2.79	-0.00415609076889983
2.8	-0.00419181037130108
2.81	-0.00421522265787269
2.82	-0.00421288101176849
2.83	-0.00418762467168933
2.84	-0.00414908292701773
2.85	-0.00411339711500149
2.86	-0.00408958367842331
2.87	-0.00408081539495024
2.88	-0.00408093961766117
2.89	-0.00408509325614684
2.9	-0.00408952374677297
2.91	-0.00409048448671813
2.92	-0.00408468042067178
2.93	-0.00407143849000877
2.94	-0.00405517327501901
2.95	-0.00404139191754001
2.96	-0.00403302847887851
2.97	-0.00402988154894851
2.98	-0.00403075085793693
2.99	-0.0040318503780238
3	-0.00402901515529574
3.01	-0.0040143901059404
3.02	-0.00398165688088742
3.03	-0.00392434166531413
3.04	-0.00384912218845457
3.05	-0.0037698102143275
3.06	-0.00370044925820948
3.07	-0.003648343897901
3.08	-0.00361666839928422
3.09	-0.00360219561371637
3.1	-0.00359325349745719
3.11	-0.00358404661577932
3.12	-0.00357239902984042
3.13	-0.00355656906352178
3.14	-0.00352971736071888
3.15	-0.00348773075958508
3.16	-0.00343057029634416
3.17	-0.00335740637617096
3.18	-0.0032703744667848
3.19	-0.0031665371635192
3.2	-0.00304753931678012
3.21	-0.00292522028893715
3.22	-0.00281730834356313
3.23	-0.00273643372985263
3.24	-0.00268344930276931
3.25	-0.00265294622810616
3.26	-0.00262314739774605
3.27	-0.00257257697364976
3.28	-0.00247860105882125
3.29	-0.002338013176114
3.3	-0.002145185689843
3.31	-0.00190972307803291
3.32	-0.00164922899896849
3.33	-0.00138347539018773
3.34	-0.00113501369512641
3.35	-0.000922789829233182
3.36	-0.000768575755626221
3.37	-0.000669476231669737
3.38	-0.000624459728196962
3.39	-0.000618228977481732
3.4	-0.000633201422821013
3.41	-0.000662137675415108
3.42	-0.000692747896114912
3.43	-0.000706883871191982
3.44	-0.000669757884533351
3.45	-0.000563349586948793
3.46	-0.000362120459948501
3.47	-5.26713882643622E-05
3.48	0.000346319880288424
3.49	0.000828286782411018
3.5	0.00136755081541578
3.51	0.00194766159413321
3.52	0.00256902293001558
3.53	0.00322659587563779
3.54	0.00393193061720947
3.55	0.00469179374033149
3.56	0.00548234640129365
3.57	0.00627713204178822
3.58	0.00705503211925179
3.59	0.00781249530566534
3.6	0.00854860767398346
3.61	0.00926580291952947
3.62	0.00995827675033099
3.63	0.0106216875138194
3.64	0.0112740619808432
3.65	0.0119418113376589
3.66	0.0126479667298379
3.67	0.0133939744967631
3.68	0.0141793085078186
3.69	0.014986520625938
3.7	0.0157915098770227
3.71	0.0165460949057977
3.72	0.0172168083594874
3.73	0.0177763486554125
3.74	0.0182304895352699
3.75	0.0186173811599934
3.76	0.0189465312179091
3.77	0.0192210969234451
3.78	0.0194380186074256
3.79	0.0195855650341225
3.8	0.0196811878260924
3.81	0.0197274921984977
3.82	0.0197349518939097
3.83	0.0197342268226664
3.84	0.0197550733758579
3.85	0.0198147761250168
3.86	0.0199144078977923
3.87	0.0200606470568303
3.88	0.0202473912952861
3.89	0.0204756876180512
3.9	0.0207413352922737
3.91	0.0210160511644142
3.92	0.0212708605389991
3.93	0.0214844828665871
3.94	0.0216505149030498
3.95	0.0217487975213189
3.96	0.0217807240573724
3.97	0.0217593768848623
3.98	0.0217108052309742
3.99	0.0216706498192115
4	0.021656020681843
4.01	0.0216626383826463
4.02	0.0216631168589909
4.03	0.021616395614884
4.04	0.0214959763521719
4.05	0.0212992151480331
4.06	0.0210264058330685
4.07	0.0207101902274425
4.08	0.0203613080536086
4.09	0.0199859970650775
4.1	0.0195949062925429
4.11	0.0191890611961977
4.12	0.0187607802388769
4.13	0.0182975710672974
4.14	0.0177734227774102
4.15	0.0171799355262187
4.16	0.0165027413467388
4.17	0.0157280488705779
4.18	0.0148833296108779
4.19	0.0139799710811301
4.2	0.013027730273431
4.21	0.0120316703140616
4.22	0.0109805803884689
4.23	0.00988118682501435
4.24	0.00874599056854298
4.25	0.00759330070689947
4.26	0.00644237949071049
4.27	0.0052915519503441
4.28	0.00411566995321701
4.29	0.00288060799360079
4.3	0.00153203501007487
4.31	4.63061051060586E-05
4.32	-0.00157493490472506
4.33	-0.00333351746384409
4.34	-0.00516060380515205
4.35	-0.00700284608042364
4.36	-0.00879248534692079
4.37	-0.0104826513638482
4.38	-0.0120155258433304
4.39	-0.0133665881834635
4.4	-0.0145401332571396
4.41	-0.0155062412096141
4.42	-0.0163052972063794
4.43	-0.0169478208908643
4.44	-0.0174171546522705
4.45	-0.0177351050644865
4.46	-0.0178950841516332
4.47	-0.0179393854669217
4.48	-0.0179432140110901
4.49	-0.0179763820820786
4.5	-0.0180816523960571
4.51	-0.0182709257897064
4.52	-0.0185491645618743
4.53	-0.0188855236187354
4.54	-0.0192734266235323
4.55	-0.0197070629822256
4.56	-0.0201692612557524
4.57	-0.0206396307871021
4.58	-0.021087281962218
4.59	-0.0214867042971943
4.6	-0.0217997499473617
4.61	-0.0220229551795348
4.62	-0.0221359328144561
4.63	-0.0221142988378866
4.64	-0.0219747098755989
4.65	-0.0217208865490416
4.66	-0.021382820196089
4.67	-0.0209861506731666
4.68	-0.0205317756726183
4.69	-0.0200347523837567
4.7	-0.0195087037826519
4.71	-0.0189815213302728
4.72	-0.0184868901616789
4.73	-0.018055429917717
4.74	-0.0176964416911266
4.75	-0.0173933816749979
4.76	-0.0171326458695482
4.77	-0.0168868233867822
4.78	-0.0166320881283036
4.79	-0.0163307345526834
4.8	-0.0159608404796183
4.81	-0.0155022290736271
4.82	-0.0149624601095021
4.83	-0.0143868462715468
4.84	-0.0138226128310604
4.85	-0.0133033405212622
4.86	-0.0128347252516397
4.87	-0.0124158817899332
4.88	-0.0120194099442359
4.89	-0.0116222593470304
4.9	-0.0111958145652639
4.91	-0.0107236003931113
4.92	-0.0101782632062874
4.93	-0.00953474774490406
4.94	-0.00877622521473301
4.95	-0.00786380574269474
4.96	-0.00682002880724495
4.97	-0.00566085908752754
4.98	-0.00440304557717753
4.99	-0.00308433111126911
5	-0.0017083224512641
5.01	-0.000273526147010614
5.02	0.00121800346488715
5.03	0.00278067652970254
5.04	0.00441432367866619
5.05	0.00612191288822202
5.06	0.00791534345989803
5.07	0.00977823711110609
5.08	0.0117221220988225
5.09	0.0137649122797227
5.1	0.0159044783497638
5.11	0.0181587804714857
5.12	0.0205172665944627
5.13	0.0229515356390746
5.14	0.0253915116662299
5.15	0.0277167918215669
5.16	0.0297864811148169
5.17	0.0314417526165557
5.18	0.032665827058294
5.19	0.0333865196684502
5.2	0.0336445925695151
5.21	0.0335328183360053
5.22	0.0330712535596408
5.23	0.0323802673695792
5.24	0.0315181947561861
5.25	0.0305444778474523
5.26	0.0295568168549918
5.27	0.0286238460556457
5.28	0.0277855986569473
5.29	0.027044798889474
5.3	0.0264145589464121
5.31	0.0258696859881143
5.32	0.0253911285948366
5.33	0.0249813512302089
5.34	0.024641542804717
5.35	0.0244144846754502
5.36	0.0243557051723641
5.37	0.0244704481680189
5.38	0.0247704687602701
5.39	0.0252074671925797
5.4	0.0257423547500302
5.41	0.0263817099958315
5.42	0.0271155462738815
5.43	0.027960491953062
5.44	0.0289294722446086
5.45	0.0299928031453607
5.46	0.0311345172758235
5.47	0.0323277751703723
5.48	0.0335525276907469
5.49	0.034789609350311
5.5	0.036002259566105
5.51	0.037144160723166
5.52	0.0381419958726735
5.53	0.0389686093235278
5.54	0.0395736497517341
5.55	0.0399396082333675
5.56	0.0400882717974159
5.57	0.0399838710895753
5.58	0.0396554205511121
5.59	0.0391278690365166
5.6	0.0384189901336256
5.61	0.0376223186555041
5.62	0.0367924322663706
5.63	0.0359752528097878
5.64	0.0351907233982696
5.65	0.0344460572597546
5.66	0.0337269278903415
5.67	0.0330187298986915
5.68	0.0323158108355697
5.69	0.0316192691606787
5.7	0.0309405791244237
5.71	0.0303053608040114
5.72	0.0297327313380844
5.73	0.0292435862649697
5.74	0.0288131710903443
5.75	0.0283817889865851
5.76	0.027865793390089
5.77	0.0272212242880851
5.78	0.0264116323950263
5.79	0.0253778729736598
5.8	0.0241310622084112
5.81	0.022645170039452
5.82	0.020925235192735
5.83	0.0190013446120293
5.84	0.0168426598326381
5.85	0.0144816335272506
5.86	0.0119551898584815
5.87	0.00931190348335182
5.88	0.00664831792948267
5.89	0.00402286369349885
5.9	0.00148708321238822
5.91	-0.000927211364709033
5.92	-0.00314722083224804
5.93	-0.00513253617686821
5.94	-0.00686447375962807
5.95	-0.00828065042988006
5.96	-0.00945102650394187
5.97	-0.0103870516755977
5.98	-0.0110807241584839
5.99	-0.0115616935341798
6	-0.0117941056080148
6.01	-0.0117768521318379
6.02	-0.0115278832832325
6.03	-0.0110023988879517
6.04	-0.010236852040414
6.05	-0.0092340903104808
6.06	-0.00798147176091622
6.07	-0.00655338121328321
6.08	-0.00499664204647395
6.09	-0.00339028597153561
6.1	-0.00181069684288596
6.11	-0.000339765831858156
6.12	0.000977557823122647
6.13	0.00210910826544677
6.14	0.00298510412022508
6.15	0.00363087654483494
6.16	0.004034289996526
6.17	0.00420879846130934
6.18	0.00420572400326698
6.19	0.00401284170654604
6.2	0.00363601495338405
6.21	0.00306678470205009
6.22	0.00223708244244603
6.23	0.0011884473939219
6.24	-6.39549885558233E-05
6.25	-0.00149631815903307
6.26	-0.00305152638532984
6.27	-0.00471490540729626
6.28	-0.00645312900132517
6.29	-0.00823049380585413
6.3	-0.0100205123402598
6.31	-0.011795777822492
6.32	-0.0135299633706108
6.33	-0.015175627233724
6.34	-0.0166981919018202
6.35	-0.0180308673180708
6.36	-0.0191303732903746
6.37	-0.0200053539698047
6.38	-0.0206174145370431
6.39	-0.0210005619731255
6.4	-0.0211832572125668
6.41	-0.0211729629461874
6.42	-0.0210472327142709
6.43	-0.0208464640099264
6.44	-0.0206164917653819
6.45	-0.0203941788224756
6.46	-0.0202023700235152
6.47	-0.0200387483597241
6.48	-0.0198808542821518
6.49	-0.0196901583615893
6.5	-0.019447518959909
6.51	-0.0191445177694877
6.52	-0.018784206817637
6.53	-0.0183914823703643
6.54	-0.017988343399219
6.55	-0.017596565165235
6.56	-0.0172227321994147
6.57	-0.016861576534332
6.58	-0.0164906052117038
6.59	-0.0160819648354596
6.6	-0.015600937526215
6.61	-0.0150492044175657
6.62	-0.0144301538319966
6.63	-0.0137705682603663
6.64	-0.0131134349619351
6.65	-0.0125170049968559
6.66	-0.0120242092043
6.67	-0.0116667556317975
6.68	-0.0115045827790139
6.69	-0.0115261927428658
6.7	-0.011747156857673
6.71	-0.0121525190373913
6.72	-0.0126824997917968
6.73	-0.0132981244035559
6.74	-0.0139338317546478
6.75	-0.0145426730417017
6.76	-0.0150886756023581
6.77	-0.0155838797580887
6.78	-0.0160509576719745
6.79	-0.0165418596039315
6.8	-0.0171187896976767
6.81	-0.0178663237857051
6.82	-0.0188343565002066
6.83	-0.0200269821697995
6.84	-0.0214819466594627
6.85	-0.0231425900452221
6.86	-0.0249814628157626
6.87	-0.0269813425779249
6.88	-0.0290705843552166
6.89	-0.0311960165430187
6.9	-0.0332993624237786
6.91	-0.0353458602572015
6.92	-0.0372841897573922
6.93	-0.0390752289105182
6.94	-0.0406771943779705
6.95	-0.0420080703965265
6.96	-0.0430807004566689
6.97	-0.0438495785603192
6.98	-0.0442906939004156
6.99	-0.0444609660311039
7	-0.0443596440902724
7.01	-0.0440421578456011
7.02	-0.0435582327139537
7.03	-0.0429219813306033
7.04	-0.0422008764433901
7.05	-0.0414343056882024
7.06	-0.0406714807388082
7.07	-0.0399558985488493
7.08	-0.0393290467204862
7.09	-0.0388032517238534
7.1	-0.0383659277032855
7.11	-0.0380259755592272
7.12	-0.0377757619785391
7.13	-0.0376272301066296
7.14	-0.0375979486029672
7.15	-0.0376552889933435
7.16	-0.0377733958574271
7.17	-0.0379133734806065
7.18	-0.0380548504328898
7.19	-0.038208956884619
7.2	-0.0383994640924992
7.21	-0.0386524450405453
7.22	-0.0390191980708312
7.23	-0.0395055505945534
7.24	-0.0401130404551451
7.25	-0.0407973584935273
7.26	-0.0414860660695159
7.27	-0.042113863648531
7.28	-0.042639720053819
7.29	-0.0430484595188715
7.3	-0.0433099314211566
7.31	-0.043458182808106
7.32	-0.0435105896278108
7.33	-0.0434959965416285
7.34	-0.0434565598480808
7.35	-0.0434104354074061
7.36	-0.0433569223229458
7.37	-0.0432784802488091
7.38	-0.0431309407161272
7.39	-0.0428814367630437
7.4	-0.0424897162188839
7.41	-0.041892336392593
7.42	-0.0410902060881108
7.43	-0.0400413667390388
7.44	-0.0387347200451097
7.45	-0.0372160058441839
7.46	-0.0355288163751412
7.47	-0.0338061555858774
7.48	-0.0321685406959071
7.49	-0.0307482304083758
7.5	-0.0295578105660938
7.51	-0.0286274211460745
7.52	-0.0279646811654108
7.53	-0.0275127251497102
7.54	-0.027245457752472
7.55	-0.027086818510535
7.56	-0.0269803591083627
7.57	-0.0268910525512734
7.58	-0.0267803654363933
7.59	-0.0266091997159767
7.6	-0.0263375228218281
7.61	-0.0259705441030992
7.62	-0.0255051677116236
7.63	-0.0249546383070933
7.64	-0.0243345905179518
7.65	-0.0236451896584139
7.66	-0.0229156046365947
7.67	-0.0221764844877904
7.68	-0.0214680271899181
7.69	-0.0208111700822741
7.7	-0.0202283248794072
7.71	-0.0197400540263207
7.72	-0.0193549591847307
7.73	-0.0191041002585059
7.74	-0.0189755231194637
7.75	-0.0189530278014175
7.76	-0.0190248222527954
7.77	-0.0191414943013897
7.78	-0.0192731427809532
7.79	-0.0193885343099707
7.8	-0.0194714023384602
7.81	-0.0195207960098961
7.82	-0.0195676686202332
7.83	-0.0196495385878545
7.84	-0.0198190544350614
7.85	-0.0200921874465117
7.86	-0.0204985607620392
7.87	-0.021078770548185
7.88	-0.0218298012490106
7.89	-0.0227836970779325
7.9	-0.0239285302222945
7.91	-0.0252195455772523
7.92	-0.0266235763368402
7.93	-0.0280700854919085
7.94	-0.0295151761961364
7.95	-0.0309173373969891
7.96	-0.0322586582513884
7.97	-0.0335209102606832
7.98	-0.0347057586735911
7.99	-0.0358341557492513
8	-0.0369062412363947
8.01	-0.0379161023543605
8.02	-0.0388417139378284
8.03	-0.0396391454148253
8.04	-0.040317160272025
8.05	-0.0408565599359261
8.06	-0.0412308398373831
8.07	-0.0414405852956105
8.08	-0.0414495925511485
8.09	-0.0412690307148939
8.1	-0.0409164419857623
8.11	-0.0403670067046083
8.12	-0.0396667934202041
8.13	-0.0388273301958323
8.14	-0.0378578254886394
8.15	-0.0367906196104648
8.16	-0.0356210349416086
8.17	-0.0343547229231907
8.18	-0.0330050836516337
8.19	-0.0315709643664907
8.2	-0.0300877667746365
8.21	-0.0285927847383468
8.22	-0.0271372245419961
8.23	-0.0257538027325589
8.24	-0.0244812034573133
8.25	-0.0233533214747652
8.26	-0.0223839999477067
8.27	-0.0216295928592912
8.28	-0.0210863543860117
8.29	-0.0207345366602493
8.3	-0.0205442556601175
8.31	-0.0204242333282102
8.32	-0.0203511661343347
8.33	-0.0203317693438182
8.34	-0.0203621884816525
8.35	-0.0204275272307042
8.36	-0.0204942299753444
8.37	-0.020538943126183
8.38	-0.020540233864078
8.39	-0.020499779750476
8.4	-0.0204125569363271
8.41	-0.0202615771375473
8.42	-0.0200407069967644
8.43	-0.019736939030762
8.44	-0.0193615854835084
8.45	-0.0189356795139473
8.46	-0.0184707541057962
8.47	-0.017989806737095
8.48	-0.0175047318594524
8.49	-0.0170173926572667
8.5	-0.0165247299190937
8.51	-0.0160242527461303
8.52	-0.015509101780026
8.53	-0.014961446313245
8.54	-0.0143355832920689
8.55	-0.0136000227553073
8.56	-0.0127349796853036
8.57	-0.0117100116327525
8.58	-0.0105619847339322
8.59	-0.00929250684830961
8.6	-0.00789809844380429
8.61	-0.00639499974730989
8.62	-0.00477869789817263
8.63	-0.00306854927330262
8.64	-0.00127279431580065
8.65	0.000636010254047515
8.66	0.00264507370222366
8.67	0.00475387612395925
8.68	0.00695946994932882
8.69	0.00923499137232595
8.7	0.0115661865821071
8.71	0.0139210202499618
8.72	0.0162714878741453
8.73	0.018597383927336
8.74	0.0208918205754638
8.75	0.0231412920667347
8.76	0.0253123691357777
8.77	0.0273923425850497
8.78	0.0293546553033211
8.79	0.0311873805315898
8.8	0.0328987888267155
8.81	0.0344692560211847
8.82	0.0359210627710596
8.83	0.0372722570883172
8.84	0.0385190105251032
8.85	0.0396852489364172
8.86	0.0407712769717609
8.87	0.0417891713969251
8.88	0.0427681471745774
8.89	0.0437210823429673
8.9	0.0446528259890178
8.91	0.0455566967971237
8.92	0.0464136519868271
8.93	0.0472251011466792
8.94	0.0479867649903465
8.95	0.0486895237629333
8.96	0.0493344094766534
8.97	0.0499071915106269
8.98	0.050408341123876
8.99	0.0508495704430697
9	0.0512297640669127
9.01	0.051562393138294
9.02	0.0518484019295758
9.03	0.0520781709299033
9.04	0.0522556580010309
9.05	0.052371575674238
9.06	0.0524237323809994
9.07	0.052421489907851
9.08	0.0523632449500951
9.09	0.0522605549917153
9.1	0.0521197052810797
9.11	0.0519452296304851
9.12	0.0517623119184275
9.13	0.0515988814109871
9.14	0.0514892796443758
9.15	0.0514495849601729
9.16	0.0515035867937922
9.17	0.0516531627018205
9.18	0.0518979143752826
9.19	0.05226113021598
9.2	0.0527126094043528
9.21	0.0532294500538144
9.22	0.0537864676804175
9.23	0.0543640504695682
9.24	0.0549611958161373
9.25	0.0555706529158072
9.26	0.0561762857098523
9.27	0.0567515817233019
9.28	0.0572752730403436
9.29	0.0577212552822857
9.3	0.0580539282548008
9.31	0.0582878406516793
9.32	0.0584307545210898
9.33	0.0585062673795827
9.34	0.0585418481994126
9.35	0.0585544178975166
9.36	0.0585680818753829
9.37	0.0585989299084412
9.38	0.0586595306873918
9.39	0.0587414697007356
9.4	0.0588326063739273
9.41	0.0589146769110061
9.42	0.0589805180058151
9.43	0.0590377685802808
9.44	0.059104140586186
9.45	0.059188033484235
9.46	0.0592948863971507
9.47	0.0594215613362066
9.48	0.059564764046935
9.49	0.0597046976112516
9.5	0.0598159240263094
9.51	0.0598841984708809
9.52	0.0599223103344026
9.53	0.0599476004983928
9.54	0.0599632502510785
9.55	0.0599698260765813
9.56	0.0599715536113887
9.57	0.0599777004457267
9.58	0.0599898736945511
9.59	0.0599998413309603
9.6	0.059993137493809
9.61	0.0599601078686443
9.62	0.0598853110269064
9.63	0.0597615282397444
9.64	0.0595817993234449
9.65	0.0593321546806426
9.66	0.0590295652229805
9.67	0.0586822767647169
9.68	0.0583047089006853
9.69	0.0579125951180314
9.7	0.0575118462035432
9.71	0.0571075045963717
9.72	0.0567001742381141
9.73	0.0562860376805576
9.74	0.055868177361468
9.75	0.0554567829582494
9.76	0.0550692681844246
9.77	0.0547149452281467
9.78	0.054403588007829
9.79	0.0541313828705419
9.8	0.0538879471668374
9.81	0.0536668178197419
9.82	0.0534513100542256
9.83	0.0532258812740312
9.84	0.0529724359018198
9.85	0.0526873729474172
9.86	0.0523627031198811
9.87	0.051988986058113
9.88	0.0515632300392612
9.89	0.05107268557319
9.9	0.0505217266139393
9.91	0.0499119483271467
9.92	0.0492345468806416
9.93	0.0485044270205508
9.94	0.0477192863856085
9.95	0.0468766098060932
9.96	0.0459888504877977
9.97	0.0450664891634539
9.98	0.0441307989100331
9.99	0.0431964378140135
10	0.0422759002077643
10.01	0.0413749655496859
10.02	0.0405015670562798
10.03	0.039666046997226
10.04	0.0388636167674846
10.05	0.0380885540708532
10.06	0.0373298474565787
10.07	0.0365837769289201
10.08	0.0358573867047109
10.09	0.0351523038148061
10.1	0.0344724374257991
10.11	0.0338291194706246
10.12	0.0332238070511532
10.13	0.0326634556492689
10.14	0.0321452889930034
10.15	0.0316556640705052
10.16	0.0311861287714626
10.17	0.0307265965846222
10.18	0.0302741771464477
10.19	0.0298313738968609
10.2	0.0293977726801458
10.21	0.0289741882826221
10.22	0.0285624206835656
10.23	0.0281651958146788
10.24	0.0277914248586091
10.25	0.0274443944803167
10.26	0.0271228850541206
10.27	0.0268298417109013
10.28	0.0265595275291545
10.29	0.0263162717171971
10.3	0.0261118565008603
10.31	0.0259479889200097
10.32	0.0258338942191461
10.33	0.0257725196394011
10.34	0.0257631097424574
10.35	0.0258193251661517
10.36	0.0259336954174173
10.37	0.0260999840112949
10.38	0.0263069975147763
10.39	0.0265269916364556
10.4	0.0267398619905192
10.41	0.0269273683328807
10.42	0.0270806049212796
10.43	0.0271876125073947
10.44	0.0272525424727699
10.45	0.0272810169653327
10.46	0.0272762648679122
10.47	0.0272532176283931
10.48	0.0272140724139135
10.49	0.0271515289822791
10.5	0.0270547934828211
10.51	0.0268995198481331
10.52	0.0266722824966037
10.53	0.0263698377316481
10.54	0.0259793651915233
10.55	0.025522780650728
10.56	0.0250040676615998
10.57	0.0244214789904399
10.58	0.0237849421723268
10.59	0.0230837366061445
10.6	0.0223090900938443
10.61	0.0214571391567331
10.62	0.020506756994576
10.63	0.0194712559819927
10.64	0.0183560305101263
10.65	0.0171589221778098
10.66	0.0159006931566165
10.67	0.0145834162234401
10.68	0.0132154059723483
10.69	0.0118110410328771
10.7	0.0103745008630482
10.71	0.00891629346923129
10.72	0.00744243407269753
10.73	0.00595763869934296
10.74	0.00447340063193509
10.75	0.00300170213521072
10.76	0.0015573051281473
10.77	0.000148586232623716
10.78	-0.00120811666465614
10.79	-0.00251010670212633
10.8	-0.00376286827706544
10.81	-0.00496374883739248
10.82	-0.00612837307604866
10.83	-0.00726522067952841
10.84	-0.00838535659339401
10.85	-0.00949921084093749
10.86	-0.0106061399464747
10.87	-0.0116991305880127
10.88	-0.0127696153789604
10.89	-0.0138019018143051
10.9	-0.0147934141945656
10.91	-0.0157412342886006
10.92	-0.0166401879980329
10.93	-0.0175014347103827
10.94	-0.0183254371019077
10.95	-0.0191126797220434
10.96	-0.0198647607093391
10.97	-0.0205713511499976
10.98	-0.0212338124870186
10.99	-0.0218566559364218
11	-0.0224463149182121
11.01	-0.023024395517026
11.02	-0.0236035850600583
11.03	-0.0241947653790877
11.04	-0.0248016816131851
11.05	-0.0254256806352384
11.06	-0.0260582991513644
11.07	-0.026687399842326
11.08	-0.0272961298904093
11.09	-0.0278796279364139
11.1	-0.0284373113113213
11.11	-0.028973456001762
11.12	-0.0294984356588686
11.13	-0.0300178604392603
11.14	-0.0305375799796992
11.15	-0.0310604405615168
11.16	-0.0315863867739257
11.17	-0.0321140986114912
11.18	-0.0326432992952102
11.19	-0.0331711431518927
11.2	-0.0336934057285113
11.21	-0.0342075093421437
11.22	-0.0347164521760104
11.23	-0.0352269036729478
11.24	-0.0357464882666396
11.25	-0.0362786654298278
11.26	-0.0368226473522555
11.27	-0.0373715801774474
11.28	-0.0379119349017725
11.29	-0.0384283770388401
11.3	-0.0388987982232098
11.31	-0.0393079170203992
11.32	-0.0396257617268258
11.33	-0.0398412215828281
11.34	-0.0399505942324991
11.35	-0.0399213613123194
11.36	-0.0397684612542788
11.37	-0.0394854287692456
11.38	-0.0390673659199347
11.39	-0.0385533873258919
11.4	-0.0379675262187546
11.41	-0.0373491825053201
11.42	-0.0367307328465725
11.43	-0.0361406412036484
11.44	-0.0355945158654831
11.45	-0.0351063525994948
11.46	-0.0346967496330928
11.47	-0.0343539981440423
11.48	-0.0340710035863707
11.49	-0.0338270326497468
11.5	-0.0336005207169628
11.51	-0.0333823884125363
11.52	-0.0331648711018484
11.53	-0.0329424835477746
11.54	-0.0327163221114475
11.55	-0.0324996828325797
11.56	-0.0323100830459037
11.57	-0.0321639114394029
11.58	-0.0320626649894137
11.59	-0.032012919669582
11.6	-0.032005593143096
11.61	-0.0320258305511241
11.62	-0.0320585174592528
11.63	-0.0320853125645252
11.64	-0.032093286417417
11.65	-0.0320686165129929
11.66	-0.0320116805946649
11.67	-0.0319260941002969
11.68	-0.0318299225525765
11.69	-0.0317422019860973
11.7	-0.0316815816045279
11.71	-0.0316565507081195
11.72	-0.0316777704765323
11.73	-0.0317588731264602
11.74	-0.0318842212413173
11.75	-0.0320411645725248
11.76	-0.0322146766032545
11.77	-0.032398044898911
11.78	-0.0325945922599844
11.79	-0.0328022294055738
11.8	-0.0330133685689068
11.81	-0.0332113662536469
11.82	-0.0333811850413533
11.83	-0.033505905650293
11.84	-0.0335683014218625
11.85	-0.033563376559532
11.86	-0.0334688496308138
11.87	-0.0332833611995399
11.88	-0.0330170278530071
11.89	-0.0326675876565383
11.9	-0.0322600712962445
11.91	-0.031798776822348
11.92	-0.0312780956698827
11.93	-0.0307025113852528
11.94	-0.030067034421955
11.95	-0.0293852961890251
11.96	-0.0286790342947048
11.97	-0.0279644154490913
11.98	-0.027255318673825
11.99	-0.0265594839850238
12	-0.0258853438447107
12.01	-0.0252310324113188
12.02	-0.0245942222896015
12.03	-0.0239669837156399
12.04	-0.0233403890050391
12.05	-0.0227074413163951
12.06	-0.0220664131834638
12.07	-0.0214212692465973
12.08	-0.0207810452847409
12.09	-0.0201536860780506
12.1	-0.0195489973280795
12.11	-0.0189799534818752
12.12	-0.0184527284122329
12.13	-0.0179834294300543
12.14	-0.0175763428792417
12.15	-0.0172297894097256
12.16	-0.0169522513814926
12.17	-0.0167233112323555
12.18	-0.0165317815659368
12.19	-0.016366201878751
12.2	-0.0162107384607405
12.21	-0.016054035189028
12.22	-0.0158855438378073
12.23	-0.0157017295066729
12.24	-0.0155018867942355
12.25	-0.0152939281932238
12.26	-0.0150859936564321
12.27	-0.014891985017344
12.28	-0.0147240863537625
12.29	-0.014599375892328
12.3	-0.0145314036553157
12.31	-0.0145197523198826
12.32	-0.0145671024667109
12.33	-0.0146509334029927
12.34	-0.0147500973339091
12.35	-0.0148462122076054
12.36	-0.0149274372475386
12.37	-0.0149860187863549
12.38	-0.0150210218276397
12.39	-0.015042541784841
12.4	-0.0150572094880676
12.41	-0.0150650106900673
12.42	-0.0150561709501586
12.43	-0.0150072713531944
12.44	-0.0149112712468879
12.45	-0.0147640739283245
12.46	-0.0145677950382163
12.47	-0.0143388526502256
12.48	-0.014082364086492
12.49	-0.0138062313550638
12.5	-0.013519331089794
12.51	-0.0132307173877372
12.52	-0.0129511110981772
12.53	-0.0126883580211879
12.54	-0.0124491715038157
12.55	-0.012230131676974
12.56	-0.012036013331583
12.57	-0.0118778443517267
12.58	-0.0117674237233742
12.59	-0.0117326797689471
12.6	-0.0117785024150372
12.61	-0.0119018246190947
12.62	-0.01211134817112
12.63	-0.0123866731020484
12.64	-0.0127272968575888
12.65	-0.0131303960379594
12.66	-0.0135816217374096
12.67	-0.0140814445998768
12.68	-0.0146219790706149
12.69	-0.0151926853775442
12.7	-0.0157823944102009
12.71	-0.0163706197985071
12.72	-0.0169417860641422
12.73	-0.0174769892574745
12.74	-0.0179654368324631
12.75	-0.0183845447802473
12.76	-0.0187233624809267
12.77	-0.0189877391448547
12.78	-0.0191734923305458
12.79	-0.019301509051294
12.8	-0.0193828672488857
12.81	-0.0194270641359924
12.82	-0.0194586817833337
12.83	-0.0194978395682924
12.84	-0.0195635147705926
12.85	-0.0196632555272336
12.86	-0.0198073085128712
12.87	-0.0199899380297802
12.88	-0.0202009834321361
12.89	-0.0204264098285803
12.9	-0.0206443915871983
12.91	-0.0208379924050012
12.92	-0.020995043570068
12.93	-0.0211202087375334
12.94	-0.0212185758714924
12.95	-0.0213050381725109
12.96	-0.0213958427235929
12.97	-0.0215116737242663
12.98	-0.0216570322507506
12.99	-0.021828873780283
13	-0.0220143564221144
13.01	-0.0221927491643429
13.02	-0.0223400858275312
13.03	-0.0224336400965139
13.04	-0.0224612630961466
13.05	-0.0223969428109228
13.06	-0.0222458101337064
13.07	-0.0220119204791698
13.08	-0.0216989751247854
13.09	-0.0213366623753796
13.1	-0.0209363108298483
13.11	-0.020512710870603
13.12	-0.0200824468563397
13.13	-0.0196588270757668
13.14	-0.0192505144132264
13.15	-0.0188628059119289
13.16	-0.0185055224689264
13.17	-0.0181749647671146
13.18	-0.0178681935384918
13.19	-0.0175719322366186
13.2	-0.017264804695316
13.21	-0.0169206958111646
13.22	-0.0165222005805522
13.23	-0.0160616195013569
13.24	-0.0155178332562073
13.25	-0.0149027368503661
13.26	-0.0142211753086236
13.27	-0.0134818761569832
13.28	-0.0127100922451305
13.29	-0.0119234396745858
13.3	-0.0111451861449463
13.31	-0.0103954131420813
13.32	-0.00970097583413239
13.33	-0.00906576768446817
13.34	-0.00849016032538931
13.35	-0.00797549348190064
13.36	-0.00750197704170348
13.37	-0.00706183611340118
13.38	-0.00664320204578943
13.39	-0.00623259131505725
13.4	-0.00581742859241136
13.41	-0.00538468817255436
13.42	-0.00492529173364777
13.43	-0.00443063503237818
13.44	-0.00391338950743031
13.45	-0.00338588233648438
13.46	-0.00286578198065754
13.47	-0.00236562665603376
13.48	-0.00189822674345403
13.49	-0.00147066768379813
13.5	-0.00108737675552561
13.51	-0.000759372626894038
13.52	-0.000472198895981047
13.53	-0.000218112216262544
13.54	9.07571233023064E-06
13.55	0.00021964229510912
13.56	0.000416050046307108
13.57	0.00059983560534198
13.58	0.00077109766797968
13.59	0.000924445273387841
13.6	0.00105930288979699
13.61	0.00117490067813619
13.62	0.00126868606290746
13.63	0.00134415695344755
13.64	0.00139842896117203
13.65	0.00142922616001394
13.66	0.00143714195812922
13.67	0.00141613541802621
13.68	0.00136833689220971
13.69	0.00129743483457484
13.7	0.00120517719056737
13.71	0.00110204961882818
13.72	0.00099454855842262
13.73	0.00088988545708452
13.74	0.000794013023632019
13.75	0.000714834595807418
13.76	0.000656307145983087
13.77	0.000619972902091845
13.78	0.000614882056773413
13.79	0.000639699583242161
13.8	0.000695991216955653
13.81	0.000784362196538158
13.82	0.000895048288299748
13.83	0.00101950763705489
13.84	0.00113911215012331
13.85	0.00123533830980056
13.86	0.00128451711317836
13.87	0.00128029656815691
13.88	0.00121559354349658
13.89	0.00107569298980704
13.9	0.000871842113805798
13.91	0.000601505977248523
13.92	0.000269248542758707
13.93	-0.000110341123561167
13.94	-0.000532666215460865
13.95	-0.000982158208351168
13.96	-0.00144657532148188
13.97	-0.00191246777440705
13.98	-0.00236388058529624
13.99	-0.00278607888802268
14	-0.00316845757666579
14.01	-0.00351571243159754
14.02	-0.00382998376761046
14.03	-0.00412154056791519
14.04	-0.0043980232102193
14.05	-0.00466168514709647
14.06	-0.00491944325850941
14.07	-0.00517552051988888
14.08	-0.0054281150081352
14.09	-0.00566827207717191
14.1	-0.00588033931099036
14.11	-0.00605201303018763
14.12	-0.00618039180339539
14.13	-0.00625881035679919
14.14	-0.00630018987010913
14.15	-0.00631385081950869
14.16	-0.00630620245268817
14.17	-0.00628718637674361
14.18	-0.00625808086194438
14.19	-0.00621665637120892
14.2	-0.00616045008379487
14.21	-0.00608156612118003
14.22	-0.00597647714004663
14.23	-0.0058413889843589
14.24	-0.00566587467598072
14.25	-0.00545531661804559
14.26	-0.00520451924360296
14.27	-0.00490442780040387
14.28	-0.0045540908830873
14.29	-0.00413703805048456
14.3	-0.003645224747703
14.31	-0.00307415073113
14.32	-0.00240069040613084
14.33	-0.00164184663200941
14.34	-0.000804315344221425
14.35	9.80505045073074E-05
14.36	0.00102612491975445
14.37	0.00194310580674007
14.38	0.00281190459885321
14.39	0.0036142273836775
14.4	0.00432859612141588
14.41	0.00496960230454547
14.42	0.00554794498767305
14.43	0.00607011923079637
14.44	0.00656155346224579
14.45	0.00703859841100321
14.46	0.00751797202919877
14.47	0.00800799432685451
14.48	0.00851319643836435
14.49	0.00903141399029117
14.5	0.00955907669569215
14.51	0.0100903150595698
14.52	0.0106144383168335
14.53	0.0111193412914416
14.54	0.0115920901976954
14.55	0.0120292307696937
14.56	0.0124192240839342
14.57	0.0127582371071483
14.58	0.0130476724636145
14.59	0.0132811214360803
14.6	0.0134733031014327
14.61	0.0136303553535388
14.62	0.0137601160840523
14.63	0.0138782127129012
14.64	0.0139947440857349
14.65	0.0141188543995814
14.66	0.014255653292516
14.67	0.01441039199905
14.68	0.0145794936530069
14.69	0.0147581310234426
14.7	0.0149400321632042
14.71	0.015118167763266
14.72	0.0152845336876498
14.73	0.0154298992032818
14.74	0.0155508974342471
14.75	0.0156422518356395
14.76	0.0157083879245836
14.77	0.0157531533155946
14.78	0.0157755262674126
14.79	0.0157833426178446
14.8	0.0157814449075999
14.81	0.0157759880989173
14.82	0.0157723899675195
14.83	0.0157740393528974
14.84	0.0157802465278939
14.85	0.0157887942294877
14.86	0.0157983319084136
14.87	0.0158080213536735
14.88	0.0158179084182221
14.89	0.0158275294015393
14.9	0.0158342000188618
14.91	0.0158309147810234
14.92	0.0158072611781944
14.93	0.0157532626043212
14.94	0.0156504455793297
14.95	0.0155000774070606
14.96	0.0153068639298471
14.97	0.0150758320308103
14.98	0.0148247594396053
14.99	0.014564481289399
15	0.0143064751242731
15.01	0.01405715445947
15.02	0.0138203072214017
15.03	0.0135928368194667
15.04	0.0133699427895396
15.05	0.0131475011066648
15.06	0.012924600452724
15.07	0.01270277987061
15.08	0.0124830228001893
15.09	0.012265136102281
15.1	0.0120490935089508
15.11	0.0118326447903641
15.12	0.0116130996670227
15.13	0.0113874114034843
15.14	0.0111542724490864
15.15	0.0109105359792729
15.16	0.0106541423566233
15.17	0.0103905283317174
15.18	0.010127292735842
15.19	0.00987446877924268
15.2	0.00963952695685399
15.21	0.00943415848133491
15.22	0.00925887237694535
15.23	0.00911209467694661
15.24	0.0089926130026944
15.25	0.0088895840484925
15.26	0.00879532642875474
15.27	0.00869850744227129
15.28	0.00859084338376031
15.29	0.00846579177992435
15.3	0.00832351087533561
15.31	0.00816472193540162
15.32	0.00798665393471228
15.33	0.00779389779838445
15.34	0.0075870455160642
15.35	0.00736592124669554
15.36	0.00713246321744164
15.37	0.00688683281490561
15.38	0.00663288376617353
15.39	0.00637466832246813
15.4	0.00611494780311499
15.41	0.00585534632484268
15.42	0.00559741467048533
15.43	0.00534477509043355
15.44	0.0050970619948209
15.45	0.0048497406064827
15.46	0.00459626827037016
15.47	0.00433441731137865
15.48	0.00406517023444343
15.49	0.00379486220020484
15.5	0.00353080728209459
15.51	0.00328626499403532
15.52	0.00306885026157824
15.53	0.00288967022369665
15.54	0.0027556007799839
15.55	0.00266276189138463
15.56	0.00261421721564431
15.57	0.00260086341719517
15.58	0.00261514876760765
15.59	0.0026528926326449
15.6	0.00269896498945345
15.61	0.0027412106668329
15.62	0.00276644528011063
15.63	0.00276858267076138
15.64	0.00274068305263542
15.65	0.00268642840225701
15.66	0.00261496210994182
15.67	0.00253756258280265
15.68	0.00247016437358968
15.69	0.00242788072365483
15.7	0.0024288529969781
15.71	0.00247629049008394
15.72	0.00258040810001118
15.73	0.00274117563308837
15.74	0.00294908372130008
15.75	0.00320435226193297
15.76	0.003495892484677
15.77	0.003818634168942
15.78	0.00416922315311135
15.79	0.00453528841009129
15.8	0.00491146341582724
15.81	0.00529332926446663
15.82	0.00567925798018741
15.83	0.00607188956727982
15.84	0.00647357715724791
15.85	0.00688471155975492
15.86	0.00730371151321933
15.87	0.00772378255818798
15.88	0.00813876114752854
15.89	0.00854178775318152
15.9	0.00893046942910322
15.91	0.00930115346948082
15.92	0.00965575506661701
15.93	0.00999873550388601
15.94	0.0103317345043765
15.95	0.0106583598694112
15.96	0.0109793276197487
15.97	0.0112944739592592
15.98	0.0116048895995439
15.99	0.0119103057386612
16	0.0122117089414049
16.01	0.0125109488923246
16.02	0.0128096007390853
16.03	0.0131086494085294
16.04	0.0134077158224479
16.05	0.0137065089955206
16.06	0.0140057070360199
16.07	0.0143052689196097
16.08	0.0146044620807706
16.09	0.0149023491097809
16.1	0.0151956011960022
16.11	0.0154790580004044
16.12	0.0157470602615748
16.13	0.0159898168560343
16.14	0.0162083988133413
16.15	0.0163988259336482
16.16	0.0165571066698539
16.17	0.0166870321340067
16.18	0.0167863961320673
16.19	0.0168596079560843
16.2	0.0169122515036876
16.21	0.016945186947248
16.22	0.0169633159515194
16.23	0.0169642232930397
16.24	0.0169393597198858
16.25	0.016885526399204
16.26	0.0167960654339606
16.27	0.0166739122217025
16.28	0.0165275157301267
16.29	0.0163602230930486
16.3	0.0161809857456781
16.31	0.0159950507136424
16.32	0.015804474335513
16.33	0.0156095727625445
16.34	0.0154069522055157
16.35	0.0151891763594432
16.36	0.0149484175819271
16.37	0.0146703303530034
16.38	0.014351661038635
16.39	0.0139931424519273
16.4	0.0135895729559842
16.41	0.0131543070992069
16.42	0.0126931426418302
16.43	0.0122132896119209
16.44	0.0117233086007871
16.45	0.0112268793253199
16.46	0.0107284464571874
16.47	0.0102305194852353
16.48	0.00973382074915908
16.49	0.00923797020298542
16.5	0.00874285938032416
16.51	0.0082489404547917
16.52	0.00775771515764597
16.53	0.0072735327423384
16.54	0.00680092628528492
16.55	0.00634213210381779
16.56	0.00590212524743985
16.57	0.00547934476627414
16.58	0.00507215723618505
16.59	0.00467908724556051
16.6	0.00429382017965795
16.61	0.00391296017450942
16.62	0.00353253156390054
16.63	0.00314948729618607
16.64	0.00276090562123558
16.65	0.00236689545038857
16.66	0.001969536162049
16.67	0.00157284864551457
16.68	0.00118250955396594
16.69	0.000805389965425091
16.7	0.000447682915501177
16.71	0.000108301261730092
16.72	-0.00021164018856833
16.73	-0.000514831612134852
16.74	-0.000803968282905625
16.75	-0.00107702533183103
16.76	-0.00133410815763828
16.77	-0.00156917510453611
16.78	-0.0017718120248397
16.79	-0.00194203348634195
16.8	-0.00207516991955642
16.81	-0.00217325565979738
16.82	-0.00224289991765696
16.83	-0.00228415228719785
16.84	-0.00230344300858263
16.85	-0.00230257766390701
16.86	-0.00227869818518345
16.87	-0.00223393589371242
16.88	-0.00216364824230985
16.89	-0.00206511817907619
16.9	-0.00194228848003131
16.91	-0.00179671604802303
16.92	-0.00163811371285067
16.93	-0.00147419901965358
16.94	-0.00131013563251292
16.95	-0.00114853478552084
16.96	-0.000988973066613927
16.97	-0.00082850947270073
16.98	-0.000665040208044684
16.99	-0.000498368629569774
17	-0.000329207812559109
17.01	-0.000157328448312702
17.02	1.9077582011934E-05
17.03	0.000200670942318977
17.04	0.000389328070305657
17.05	0.000588092486016878
17.06	0.000796377929037757
17.07	0.00101390696536582
17.08	0.00123738575312511
17.09	0.0014618879082122
17.1	0.00168057480328335
17.11	0.00188788638794048
17.12	0.00208044751673115
17.13	0.00225542076659636
17.14	0.0024166412325403
17.15	0.00256355647334601
17.16	0.00269696936485962
17.17	0.00282222086156707
17.18	0.00294442582052023
17.19	0.00306803215298894
17.2	0.00319380710925833
17.21	0.00332086816471736
17.22	0.00344812043226197
17.23	0.00357454103603076
17.24	0.0036976536181292
17.25	0.00381605567411865
17.26	0.00392930271350767
17.27	0.00403930448403603
17.28	0.00414931359508053
17.29	0.00426387794934324
17.3	0.00438358641750459
17.31	0.00450578980790198
17.32	0.00462489147510618
17.33	0.00473641884166
17.34	0.00483533690982222
17.35	0.00491992717585951
17.36	0.00499345985890428
17.37	0.0050602029230319
17.38	0.00512730315117148
17.39	0.00519971949439195
17.4	0.00528249850360506
17.41	0.00537485545147921
17.42	0.00547445355909091
17.43	0.00557480113443122
17.44	0.00566860039510618
17.45	0.00574654862321407
17.46	0.00580519677963372
17.47	0.0058454370228714
17.48	0.00586734612994574
17.49	0.00587796775630834
17.5	0.00587905895803428
17.51	0.00587188664021927
17.52	0.00585886844894399
17.53	0.00584042123862248
17.54	0.00581774069861972
17.55	0.00579175777027563
17.56	0.00576182792521948
17.57	0.00572832996847519
17.58	0.00569032572188752
17.59	0.00564500487261006
17.6	0.00559114959101572
17.61	0.00552502472581378
17.62	0.0054436442008802
17.63	0.00534760047256433
17.64	0.00523773512539057
17.65	0.0051196627455286
17.66	0.0049950618295928
17.67	0.00486062959865808
17.68	0.00471417918638123
17.69	0.0045523716566835
17.7	0.00437529978113634
17.71	0.00418680062928467
17.72	0.00398720008513659
17.73	0.00377664843126532
17.74	0.00355352468779327
17.75	0.00331452208138199
17.76	0.0030640402591045
17.77	0.00280305374311877
17.78	0.00253290295466642
17.79	0.00225776850766494
17.8	0.00198118759417775
17.81	0.00170793138751874
17.82	0.00144081366715058
17.83	0.0011804023172455
17.84	0.000922685474904615
17.85	0.000664301665165257
17.86	0.000402949325496759
17.87	0.000139373887082655
17.88	-0.000125059287874346
17.89	-0.000388562305931656
17.9	-0.000649557318004565
17.91	-0.000905401755695891
17.92	-0.00115467677158359
17.93	-0.0013953261518964
17.94	-0.00162285375411975
17.95	-0.00183669374484358
17.96	-0.00203412314558572
17.97	-0.00221510055851381
17.98	-0.00238423168218156
17.99	-0.0025467793146202
18	-0.00271213237450874
18.01	-0.00288753105903236
18.02	-0.00308112347546799
18.03	-0.00329234237597258
18.04	-0.00352280841693836
18.05	-0.00376984292374369
18.06	-0.00402425442259509
18.07	-0.0042790884545713
18.08	-0.00452841631752277
18.09	-0.00476881303050918
18.1	-0.00499493232014017
18.11	-0.00520751866833231
18.12	-0.00540716061917274
18.13	-0.00559345576769432
18.14	-0.00576694642258481
18.15	-0.00592383174102693
18.16	-0.00606256751578526
18.17	-0.00618279098885945
18.18	-0.00627738549088729
18.19	-0.00634618552823017
18.2	-0.00638831590597443
18.21	-0.00640066829528646
18.22	-0.00639079122820698
18.23	-0.00635916705249635
18.24	-0.00630583568562667
18.25	-0.00623246785559259
18.26	-0.00613478284486202
18.27	-0.0060144469128322
18.28	-0.00587406953714692
18.29	-0.00571507106722813
18.3	-0.00554840695896682
18.31	-0.0053807075258063
18.32	-0.00521699845641401
18.33	-0.00505878337594874
18.34	-0.00490670217978454
18.35	-0.00475923239825242
18.36	-0.00461497842442779
18.37	-0.00447336211583221
18.38	-0.0043325859937116
18.39	-0.00419235112294325
18.4	-0.00405445119081072
18.41	-0.00392066198627277
18.42	-0.00379320314598997
18.43	-0.00367266114325886
18.44	-0.00355876343059565
18.45	-0.00345439620142479
18.46	-0.00335936472869967
18.47	-0.00327319384220078
18.48	-0.00319794932659835
18.49	-0.00313330843779966
18.5	-0.00308056351325955
18.51	-0.00303878339468394
18.52	-0.00300421953707072
18.53	-0.00297450607747217
18.54	-0.00294628018404036
18.55	-0.00291696994789635
18.56	-0.00288389531732163
18.57	-0.00284697587886323
18.58	-0.00280654603622473
18.59	-0.00276384200608341
18.6	-0.00272017384013831
18.61	-0.00267612769789193
18.62	-0.00263293275637402
18.63	-0.00259185760619666
18.64	-0.00255375010200359
18.65	-0.00251795753640143
18.66	-0.0024842298401716
18.67	-0.00245185090760163
18.68	-0.00241927986131253
18.69	-0.00238403631977563
18.7	-0.00234325825592314
18.71	-0.00229596528875072
18.72	-0.00224102745037653
18.73	-0.0021800989069256
18.74	-0.00211430180099115
18.75	-0.00204345105654073
18.76	-0.00196747358098639
18.77	-0.00188537507324382
18.78	-0.00179677133552772
18.79	-0.00170099420792515
18.8	-0.00159623019606345
18.81	-0.00148505696046176
18.82	-0.001370248864704
18.83	-0.00125374128526671
18.84	-0.00113847019477864
18.85	-0.00102728395615285
18.86	-0.000922752215591288
18.87	-0.000824966252532012
18.88	-0.000736087195637137
18.89	-0.000657814164964618
18.9	-0.000591496288871085
18.91	-0.000543793227787661
18.92	-0.000516067075096609
18.93	-0.000510808729257232
18.94	-0.000530952337662943
18.95	-0.000571758413439285
18.96	-0.000633499675317736
18.97	-0.000714117248909502
18.98	-0.000809666456611132
18.99	-0.000920045058902735
19	-0.00104170617693926
19.01	-0.00117355792073903
19.02	-0.00131860080102772
19.03	-0.0014762791161971
19.04	-0.00164799334479217
19.05	-0.00183291636861135
19.06	-0.00202742052582756
19.07	-0.00222938245336663
19.08	-0.00243395910586198
19.09	-0.00263701691796648
19.1	-0.0028324157763606
19.11	-0.00301691849577884
19.12	-0.00318723807703868
19.13	-0.00334307853189482
19.14	-0.00349111953342204
19.15	-0.00363831504197649
19.16	-0.00379188457894278
19.17	-0.00395613114640149
19.18	-0.00413560372595638
19.19	-0.00432690872755629
19.2	-0.00452832843202173
19.21	-0.00473853238899907
19.22	-0.00495326213337984
19.23	-0.00517110233708868
19.24	-0.00539201497971492
19.25	-0.00561589154362511
19.26	-0.00584296321354724
19.27	-0.00607246643780195
19.28	-0.00630302798630751
19.29	-0.00653012721357256
19.3	-0.00674908211428083
19.31	-0.0069563838813489
19.32	-0.00715219626530956
19.33	-0.00733934580169916
19.34	-0.00751679422305226
19.35	-0.00768394947403309
19.36	-0.00783952002968369
19.37	-0.0079782239054314
19.38	-0.00810105473986177
19.39	-0.00820603335238543
19.4	-0.0082916580838283
19.41	-0.00836186423411335
19.42	-0.00841821576725394
19.43	-0.0084635865526752
19.44	-0.00849828571551009
19.45	-0.00851800474935923
19.46	-0.0085234902297416
19.47	-0.00851349908771695
19.48	-0.00848549088941637
19.49	-0.00844237949144496
19.5	-0.00838514598898427
19.51	-0.00831724263499145
19.52	-0.00824192319099913
19.53	-0.0081608758282406
19.54	-0.00807671460410568
19.55	-0.00798961582508683
19.56	-0.00789776474601259
19.57	-0.00780016327358288
19.58	-0.00769445657430895
19.59	-0.00757818199306494
19.6	-0.00745008912938549
19.61	-0.0073070724961964
19.62	-0.00715118122877532
19.63	-0.00698506918379233
19.64	-0.00681045791177443
19.65	-0.00663222111454836
19.66	-0.00645214977493217
19.67	-0.00627027408351179
19.68	-0.00608553150794941
19.69	-0.00589610836994325
19.7	-0.00570130567423192
19.71	-0.00550093117943789
19.72	-0.00529472402619352
19.73	-0.00508452372908158
19.74	-0.00487091359114874
19.75	-0.00465662180075154
19.76	-0.00444548576431093
19.77	-0.00424018699030048
19.78	-0.00404170336103483
19.79	-0.00385000362504666
19.8	-0.00366725873617714
19.81	-0.00349281019715135
19.82	-0.00332623835190345
19.83	-0.00316962230297645
19.84	-0.00302169363268581
19.85	-0.00288302781539878
19.86	-0.00275508551582819
19.87	-0.00263761275910036
19.88	-0.00253172784351293
19.89	-0.00243542450327184
19.9	-0.00234740368499163
19.91	-0.00226966742586863
19.92	-0.00220046585535484
19.93	-0.00213933614853483
19.94	-0.00208608866999142
19.95	-0.00203870997910394
19.96	-0.00199560498216481
19.97	-0.00195529976689807
19.98	-0.00191868523129265
19.99	-0.00188863455849375
20	-0.00186575885062339
20.01	-0.00185181493021412
20.02	-0.00184851948982469
20.03	-0.00185345505058443
20.04	-0.00186649196377196
20.05	-0.00188668710738626
20.06	-0.00191112597104151
20.07	-0.00193529367511291
20.08	-0.00195505060824188
20.09	-0.00196864637118976
20.1	-0.00197425911149694
20.11	-0.00197484047998698
20.12	-0.00197352989471721
20.13	-0.00197291468592355
20.14	-0.00197451121189414
20.15	-0.00198135407283677
20.16	-0.00199442612106627
20.17	-0.0020124147496244
20.18	-0.00203334385553667
20.19	-0.00205374125941317
20.2	-0.00207144454460868
20.21	-0.0020848858958526
20.22	-0.00209450593824651
20.23	-0.00210090958889642
20.24	-0.00210520472406104
20.25	-0.00210767610780905
20.26	-0.00210750974599568
20.27	-0.00210467414360193
20.28	-0.00209930971275813
20.29	-0.0020911666163572
20.3	-0.00208019345328927
20.31	-0.0020662388640485
20.32	-0.00205055108421636
20.33	-0.0020351392886152
20.34	-0.00202393942792256
20.35	-0.00202003147793817
20.36	-0.00202456546752358
20.37	-0.00203880944579671
20.38	-0.00206047778662883
20.39	-0.00208839863230939
20.4	-0.0021198656938199
20.41	-0.00215179763577192
20.42	-0.00218258966677685
20.43	-0.0022124138607238
20.44	-0.00224204552576383
20.45	-0.0022728051653888
20.46	-0.00230493025098939
20.47	-0.00233807789255552
20.48	-0.00237235089594555
20.49	-0.00240842305937999
20.5	-0.00244739234008706
20.51	-0.00249042010172576
20.52	-0.00253863260270085
20.53	-0.00259230074682951
20.54	-0.0026475088837458
20.55	-0.00270082449618642
20.56	-0.00274847681779696
20.57	-0.0027885517122027
20.58	-0.00281840270228363
20.59	-0.00283915773118164
20.6	-0.00285565639337838
20.61	-0.00287343508150145
20.62	-0.00289803994272513
20.63	-0.00293321920672742
20.64	-0.00298114821534049
20.65	-0.00303724805617671
20.66	-0.00309984746796285
20.67	-0.00316746281385301
20.68	-0.00323719105827521
20.69	-0.00330632847424109
20.7	-0.00337394462159582
20.71	-0.00344033471923442
20.72	-0.00350411197512214
20.73	-0.00356349471315399
20.74	-0.00361521298012172
20.75	-0.00365427765584241
20.76	-0.003679106570097
20.77	-0.00368649576416731
20.78	-0.00367762304339915
20.79	-0.00365477315880431
20.8	-0.0036169390528054
20.81	-0.00356819333419693
20.82	-0.00351026614853535
20.83	-0.00344400258821928
20.84	-0.00337189183615993
20.85	-0.00329489228463354
20.86	-0.00321487668031009
20.87	-0.00313361047832362
20.88	-0.00305220191069937
20.89	-0.00297124128054704
20.9	-0.00288956724203209
20.91	-0.00280348731785276
20.92	-0.00271048449719859
20.93	-0.00260755719739439
20.94	-0.00249299059483444
20.95	-0.00236822590708396
20.96	-0.00223375488992716
20.97	-0.00209190783722071
20.98	-0.00194292981039949
20.99	-0.00178442311459916
21	-0.00161803574579619
21.01	-0.00144327651673914
21.02	-0.00125990148238886
21.03	-0.00107132928765464
21.04	-0.000881128998437773
21.05	-0.000693324806312769
21.06	-0.000510407431610628
21.07	-0.000335265892272442
21.08	-0.000166644099793685
21.09	-3.36628991969021E-06
21.1	0.000154957328043771
21.11	0.000309372772393423
21.12	0.00045964926582737
21.13	0.000605793569405791
21.14	0.000747395013182349
21.15	0.00088230384815954
21.16	0.00101039189211028
21.17	0.00113061231159964
21.18	0.0012389779264086
21.19	0.00133580810716185
21.2	0.0014195140583446
21.21	0.00148783195167474
21.22	0.00154064160519907
21.23	0.0015753558781495
21.24	0.00159552873514074
21.25	0.00160556391626437
21.26	0.00160781220615695
21.27	0.00160714054061842
21.28	0.00160664410290134
21.29	0.00160900399267035
21.3	0.00161635113210209
21.31	0.00163254746703051
21.32	0.00165823334152907
21.33	0.00169110846544681
21.34	0.00172865658619242
21.35	0.00176542569821507
21.36	0.00179660444093324
21.37	0.00181889982580849
21.38	0.00183486948065277
21.39	0.00184714916759664
21.4	0.00185906942057237
21.41	0.00187276792356984
21.42	0.00188910366171521
21.43	0.00190652274217666
21.44	0.00192362307913289
21.45	0.00193964213556028
21.46	0.00195416149127198
21.47	0.00196598067291497
21.48	0.00197414885391
21.49	0.00197831787292709
21.5	0.00197583863115053
21.51	0.00196494265592218
21.52	0.00194612149026054
21.53	0.00192095503798833
21.54	0.00189348752304497
21.55	0.00186576479860486
21.56	0.00184120325801667
21.57	0.00182357413741995
21.58	0.00181649911837544
21.59	0.00181886031948012
21.6	0.00182781666367165
21.61	0.00184191947470251
21.62	0.00185822596541752
21.63	0.001874841972023
21.64	0.00188947375800605
21.65	0.00190064509955566
21.66	0.00190566096696267
21.67	0.00190178919486329
21.68	0.00188885346397131
21.69	0.00186594218688069
21.7	0.00183587341223474
21.71	0.00180221327796763
21.72	0.00176938008510359
21.73	0.00173994047127542
21.74	0.00171614556038902
21.75	0.00169946556789572
21.76	0.00168764572668657
21.77	0.00167662175091907
21.78	0.00166178369594825
21.79	0.00164144724223504
21.8	0.00161458902470936
21.81	0.00158289342309152
21.82	0.00154636618027428
21.83	0.001505379876669
21.84	0.00146187878959959
21.85	0.00141703744660433
21.86	0.0013707569531685
21.87	0.00132174529289248
21.88	0.00126884582280048
21.89	0.00121361443802071
21.9	0.00115687113783866
21.91	0.00109901609155457
21.92	0.00104109633896251
21.93	0.000984519688237767
21.94	0.000930342821867357
21.95	0.000878904285194848
21.96	0.000832096939956431
21.97	0.00079156695517504
21.98	0.000759097459875582
21.99	0.0007378461851225
22	0.000726850273414188
22.01	0.000726755276855238
22.02	0.000736690322176679
22.03	0.000754534701729172
22.04	0.000781321294773313
22.05	0.000816379499782101
22.06	0.000858771713673289
22.07	0.000909173263841752
22.08	0.000964928585247118
22.09	0.00102439356046912
22.1	0.00108497900090318
22.11	0.00114399843108604
22.12	0.0011992201199762
22.13	0.00124976809592222
22.14	0.00129649380538636
22.15	0.00134074647842878
22.16	0.00138415127807145
22.17	0.0014267107921905
22.18	0.00146803739154625
22.19	0.0015076323438955
22.2	0.00154384894968554
22.21	0.00157654785936155
22.22	0.00160797398295489
22.23	0.00164077126383979
22.24	0.00167646484381309
22.25	0.00171542220311581
22.26	0.00175711566466532
22.27	0.00179827461930273
22.28	0.00183483976880015
22.29	0.00186332013292631
22.3	0.00188325529762001
22.31	0.00189254128504574
22.32	0.00189179754696281
22.33	0.00188221545726324
22.34	0.00186258745391192
22.35	0.00183554194032121
22.36	0.00180278768670399
22.37	0.0017660002260846
22.38	0.00172674426249706
22.39	0.00168541047617933
22.4	0.00164236011378773
22.41	0.00159803788382778
22.42	0.00155241300552868
22.43	0.00150501404815761
22.44	0.00145522992524995
22.45	0.00140232184501836
22.46	0.00134627710619522
22.47	0.00128688247965307
22.48	0.00122490934198837
22.49	0.00116198984408446
22.5	0.00110002616928082
22.51	0.001040718339749
22.52	0.000984934977568111
22.53	0.00093399513015912
22.54	0.000887398782407814
22.55	0.000844367764006939
22.56	0.000802605282072405
22.57	0.000760365835591827
22.58	0.000717733383754567
22.59	0.000675594414623196
22.6	0.000634800571816251
22.61	0.000597649415170525
22.62	0.000565980789547765
22.63	0.000542079066366612
22.64	0.00052786903689964
22.65	0.000522255500574538
22.66	0.00052494304172333
22.67	0.000532616629541726
22.68	0.000541836104795253
22.69	0.000551031548083785
22.7	0.000560084209999055
22.71	0.000569389967245707
22.72	0.000579418714612416
22.73	0.000590390758193282
22.74	0.000602657201163644
22.75	0.000616138944218864
22.76	0.000630250755235843
22.77	0.0006444538821284
22.78	0.000658463394196637
22.79	0.000671505993393896
22.8	0.000681068322453127
22.81	0.000685391790754228
22.82	0.000682438002589207
22.83	0.000671287483558966
22.84	0.00065375652892794
22.85	0.000631634362223981
22.86	0.000607963400043988
22.87	0.000585015288757689
22.88	0.00056552199065395
22.89	0.000550248971743643
22.9	0.000539304397020124
22.91	0.00053200076363328
22.92	0.000526770819614465
22.93	0.00052300869524759
22.94	0.000520848097603977
22.95	0.000521790836939757
22.96	0.000528856429478329
22.97	0.000541985457326619
22.98	0.000560570168081932
22.99	0.000582846497057774
23	0.000605585555925795
23.01	0.000625731326147027
23.02	0.000640944333704466
23.03	0.00065176229544978
23.04	0.000659021855130863
23.05	0.000664753913043357
23.06	0.000670993749411434
23.07	0.000680291855469427
23.08	0.000692505342831577
23.09	0.000707599609192157
23.1	0.000725364124302909
23.11	0.00074391142212128
23.12	0.00076108501549835
23.13	0.000776014576357867
23.14	0.000788723910116096
23.15	0.000798410511996159
23.16	0.000805441552791422
23.17	0.000809395568918619
23.18	0.000809254966806894
23.19	0.000804968976667898
23.2	0.000796057571595605
23.21	0.000782952337722319
23.22	0.000766429416849676
23.23	0.000747501653913396
23.24	0.000729191389374107
23.25	0.000714580104003278
23.26	0.000707101706609012
23.27	0.000707590589933842
23.28	0.000717851392306186
23.29	0.000737915063948753
23.3	0.000765639595312118
23.31	0.000799182073224012
23.32	0.000834849441227746
23.33	0.000870547418804185
23.34	0.000905346329596007
23.35	0.000939672045176154
23.36	0.000974130394704623
23.37	0.00100981428602067
23.38	0.00104818737883418
23.39	0.00109140331167015
23.4	0.00114045768141377
23.41	0.00119583946774539
23.42	0.00125907814523602
23.43	0.00132761632389751
23.44	0.00139921259853762
23.45	0.00147141437783349
23.46	0.00154263498544887
23.47	0.0016108783494785
23.48	0.00167291315114727
23.49	0.00172615365945607
23.5	0.00176755679162012
23.51	0.00179940053927787
23.52	0.00182216468787344
23.53	0.00183457398885201
23.54	0.00183797173683177
23.55	0.00183176925081707
23.56	0.0018163318205052
23.57	0.00179324927949006
23.58	0.00176219099441118
23.59	0.00172366150642367
23.6	0.00167776513426003
23.61	0.00162497279766256
23.62	0.00156827585662371
23.63	0.00150876441345263
23.64	0.00144767657459145
23.65	0.00138701648097605
23.66	0.0013294573220751
23.67	0.00127636265889249
23.68	0.0012274949949161
23.69	0.00118220543484303
23.7	0.00113856727712232
23.71	0.0010956511020162
23.72	0.00105210788947146
23.73	0.00100650054671508
23.74	0.000957156228946191
23.75	0.000903829991556004
23.76	0.000847640233783881
23.77	0.000788792326148001
23.78	0.000727393091297095
23.79	0.000663907840838091
23.8	0.000600407786362528
23.81	0.000538470393201903
23.82	0.000478075155581887
23.83	0.000418237359164683
23.84	0.000357453637201214
23.85	0.000293562110509557
23.86	0.00022535564380403
23.87	0.000151399834847754
23.88	6.8576577172753E-05
23.89	-2.15491901441879E-05
23.9	-0.000117267328711212
23.91	-0.0002159565055958
23.92	-0.000314945578316786
23.93	-0.000410731133245551
23.94	-0.000499724872728755
23.95	-0.000580061855098148
23.96	-0.000648648814606797
23.97	-0.000706949866126402
23.98	-0.000755268846310895
23.99	-0.000795342649880609
24	-0.000830727214033444
24.01	-0.000863376953902219
24.02	-0.000895873524347647
24.03	-0.000930132676461366
24.04	-0.000968380147012077
24.05	-0.00101144082051478
24.06	-0.00106041105535978
24.07	-0.00111552899697601
24.08	-0.00117339239044746
24.09	-0.00122983166677322
24.1	-0.00127948103661574
24.11	-0.00131843765089736
24.12	-0.00134066895893045
24.13	-0.00134624695851047
24.14	-0.00133673774790476
24.15	-0.00131311877132039
24.16	-0.00128089977411735
24.17	-0.00124248611320735
24.18	-0.00120084147419744
24.19	-0.00115753886029887
24.2	-0.00111077831470255
24.21	-0.00105847086985776
24.22	-0.000998945914684121
24.23	-0.000927294177086853
24.24	-0.000842927343773748
24.25	-0.000743630673150031
24.26	-0.000627255326749578
24.27	-0.000497718087486869
24.28	-0.000359069490178952
24.29	-0.000218790818505903
24.3	-8.20837501952728E-05
24.31	4.64030033345252E-05
24.32	0.000165233862359589
24.33	0.000273177441173891
24.34	0.0003693600122434
24.35	0.000456875105989126
24.36	0.000536291127755486
24.37	0.000608613835639767
24.38	0.000674656149261963
24.39	0.000732721494729377
24.4	0.000782985071668965
24.41	0.000825926162253975
24.42	0.000861410235419516
24.43	0.000891706977241891
24.44	0.000917756069958617
24.45	0.00094161900508682
24.46	0.000965551924384714
24.47	0.000990446956179192
24.48	0.00101634840286069
24.49	0.00104263230008756
24.5	0.00106764154891389
24.51	0.00108963706554227
24.52	0.00110746911907955
24.53	0.00112089115537889
24.54	0.00113104878961377
24.55	0.0011391477580383
24.56	0.00114709723147997
24.57	0.00115593474139898
24.58	0.00116578254604041
24.59	0.00117589819514251
24.6	0.00118483026320919
24.61	0.00118893441333273
24.62	0.001186308545839
24.63	0.00117586933243531
24.64	0.00115772921710869
24.65	0.00113257615635916
24.66	0.00110054957877585
24.67	0.00106482111666709
24.68	0.00102761900806584
24.69	0.000989826313411262
24.7	0.000952226952592722
24.71	0.000915694929273225
24.72	0.000880392280970774
24.73	0.000845600361774271
24.74	0.000811685578267394
24.75	0.00077925753097286
24.76	0.000748312740843578
24.77	0.000719375328250423
24.78	0.000692014923866972
24.79	0.00066569987953204
24.8	0.000639957726372308
24.81	0.00061467654226303
24.82	0.000589445473446518
24.83	0.000563246707027571
24.84	0.000535629626260308
24.85	0.000506920331263699
24.86	0.000478868345983827
24.87	0.000453948337209492
24.88	0.000436060941158239
24.89	0.000426199696894718
24.9	0.000424845528528955
24.91	0.000429545420513763
24.92	0.000436988299715098
24.93	0.000444882149995641
24.94	0.000452016311438213
24.95	0.00045909353059807
24.96	0.000467881521785367
24.97	0.000479325869412341
24.98	0.000494030357949058
24.99	0.000511992054926399
25	0.000532620508679934
25.01	0.0005556937963493
25.02	0.000580203869476562
25.03	0.000606322627374592
25.04	0.000637260558158524
25.05	0.00067541267063721
25.06	0.00072359617136467
25.07	0.00078392442758184
25.08	0.000853485718675982
25.09	0.000929798406613913
25.1	0.0010093750044746
25.11	0.00108960557997642
25.12	0.00116757779275148
25.13	0.00124125626320153
25.14	0.00131001273097965
25.15	0.0013740438096614
25.16	0.00143444375747064
25.17	0.00149026749213985
25.18	0.00154050547301909
25.19	0.00158468366250328
25.2	0.00162070108851843
25.21	0.0016491426934049
25.22	0.00167046105710608
25.23	0.00168303085617608
25.24	0.0016873333269708
25.25	0.00168186424464472
25.26	0.00166560833388644
25.27	0.0016387747940785
25.28	0.00159772313942535
25.29	0.00154271502470738
25.3	0.00147575226470895
25.31	0.00139740667682646
25.32	0.00131233747139309
25.33	0.00122275782900723
25.34	0.00113085469935208
25.35	0.00103868167547783
25.36	0.000947798054966537
25.37	0.000858792745721237
25.38	0.000772382410162187
25.39	0.000691014038905133
25.4	0.000614971357967311
25.41	0.000543744369867881
25.42	0.000477206634031535
25.43	0.000414694510095141
25.44	0.00035664635297563
25.45	0.000302427614428138
25.46	0.000250813960332414
25.47	0.000202179149176772
25.48	0.000156336340031013
25.49	0.000112912521364771
25.5	7.26459607875187E-05
25.51	3.65148363027102E-05
25.52	7.00262072394813E-06
25.53	-1.40580019201171E-05
25.54	-2.69059467262471E-05
25.55	-3.05549693448355E-05
25.56	-2.73728186121206E-05
25.57	-1.89526842474078E-05
25.58	-3.89765563661367E-06
25.59	1.75385418849408E-05
25.6	4.5912339753738E-05
25.61	8.15074493103211E-05
25.62	0.000122771469303512
25.63	0.000169208049557228
25.64	0.000218772537106085
25.65	0.000269142432906125
25.66	0.000318556611392783
25.67	0.000366579118463212
25.68	0.000413682389564587
25.69	0.000461114871630277
25.7	0.000509777284734866
25.71	0.000560524145751504
25.72	0.000614795284693352
25.73	0.00067361064987618
25.74	0.000737822266941017
25.75	0.000805659215320485
25.76	0.000875417343048524
25.77	0.000945251246986263
25.78	0.00101402984298338
25.79	0.00108157019536464
25.8	0.00114835344151325
25.81	0.00121522519047841
25.82	0.00128332449200019
25.83	0.00135301243534317
25.84	0.00142364436457174
25.85	0.00149320242569156
25.86	0.00155992439649546
25.87	0.00162299389298745
25.88	0.00168184294101137
25.89	0.00173597004135283
25.9	0.0017839437117507
25.91	0.0018261763338876
25.92	0.00186356691265792
25.93	0.00189575445600822
25.94	0.00192393623009027
25.95	0.00194891533503861
25.96	0.00197131710843611
25.97	0.00199164227636167
25.98	0.00200818059970013
25.99	0.00201795038686431
26	0.00201884111860396
26.01	0.00200812747960426
26.02	0.00198733268588701
26.03	0.00195711028469266
26.04	0.00191548216149812
26.05	0.00186410846076501
26.06	0.00180300335375764
26.07	0.00173276701798139
26.08	0.0016549383111467
26.09	0.00156876947725022
26.1	0.00147490262493741
26.11	0.00137374534516285
26.12	0.00126396590611123
26.13	0.00114742647546116
26.14	0.00102479661909056
26.15	0.000897339308329434
26.16	0.000767075713809668
26.17	0.000634550638686142
26.18	0.000499902448869262
26.19	0.000363697810922088
26.2	0.000227318414536286
26.21	9.21775656935359E-05
26.22	-4.1327925043496E-05
26.23	-0.000172972259343075
26.24	-0.000303197539804837
26.25	-0.000432271569550969
26.26	-0.000559501247267315
26.27	-0.00068374691072087
26.28	-0.000803242349038467
26.29	-0.000917626858880274
26.3	-0.00102597987691702
26.31	-0.00112560627338826
26.32	-0.00121726718099926
26.33	-0.00129953745387943
26.34	-0.00137095803147615
26.35	-0.00143229052275126
26.36	-0.0014828162353657
26.37	-0.00152524169529891
26.38	-0.00156186171544968
26.39	-0.00159335274791968
26.4	-0.00162176044493523
26.41	-0.00164791116019761
26.42	-0.00167308822816875
26.43	-0.00169893398973718
26.44	-0.00172576639505574
26.45	-0.00175210240288763
26.46	-0.00177645275639354
26.47	-0.00179699858054562
26.48	-0.00181294636119657
26.49	-0.00182311716751702
26.5	-0.00182591823143698
26.51	-0.00182198474066165
26.52	-0.00181067120702895
26.53	-0.00179307003208053
26.54	-0.00177159647704552
26.55	-0.00174716362123886
26.56	-0.00172058481788339
26.57	-0.00169262344889578
26.58	-0.00166612137507832
26.59	-0.00164355449464157
26.6	-0.00162644767316201
26.61	-0.00161611544852841
26.62	-0.00161200410879576
26.63	-0.00161353970769342
26.64	-0.00161903865355217
26.65	-0.00162801657212582
26.66	-0.0016403414266153
26.67	-0.00165322809075067
26.68	-0.00166494337847781
26.69	-0.00167580126638826
26.7	-0.0016868719195032
26.71	-0.00169773397007167
26.72	-0.00170734720249028
26.73	-0.0017154167085225
26.74	-0.00172203484814516
26.75	-0.00172853788954264
26.76	-0.00173610312865276
26.77	-0.00174534320088745
26.78	-0.00175543160164553
26.79	-0.00176434364625488
26.8	-0.00177012070211352
26.81	-0.00177230116419832
26.82	-0.00176922902787438
26.83	-0.00176081385450341
26.84	-0.00174714957739089
26.85	-0.00172657132043
26.86	-0.00170019571324372
26.87	-0.00166850344683704
26.88	-0.00163149283162631
26.89	-0.00158973399742885
26.9	-0.00154312010727014
26.91	-0.0014932089632892
26.92	-0.00144120047858056
26.93	-0.00138633579348851
26.94	-0.00132830361426652
26.95	-0.00126658188129937
26.96	-0.00120028517187464
26.97	-0.00112907041085984
26.98	-0.00105116649972857
26.99	-0.000965780963392724
27	-0.000873267613938355
27.01	-0.000773201487569339
27.02	-0.00066906131778522
27.03	-0.000563413699606874
27.04	-0.00045772699105857
27.05	-0.000352878263417442
27.06	-0.000249788401341876
27.07	-0.000149133764312873
27.08	-5.10730448616568E-05
27.09	4.44054647456132E-05
27.1	0.000138761105934818
27.11	0.000232480122911206
27.12	0.000324237723839859
27.13	0.000412822283415769
27.14	0.000497370283114962
27.15	0.000577410712315833
27.16	0.000652415419984699
27.17	0.000719843725585852
27.18	0.000778645546343894
27.19	0.000827872302181319
27.2	0.000863789953444962
27.21	0.000887792700357473
27.22	0.000899126964998528
27.23	0.000897138941463909
27.24	0.000885112040727002
27.25	0.00086324590254755
27.26	0.000832137989540195
27.27	0.000792882614691617
27.28	0.000745149858821171
27.29	0.000691650075519904
27.3	0.000634052578710451
27.31	0.000571938960381031
27.32	0.000504933651405144
27.33	0.000432117903391183
27.34	0.000353200880007395
27.35	0.000268681936858417
27.36	0.000178635661710981
27.37	8.48956685451448E-05
27.38	-1.11057302943316E-05
27.39	-0.000107714379538208
27.4	-0.000204241708052161
27.41	-0.00030118996593204
27.42	-0.000398209302784729
27.43	-0.000494312950430537
27.44	-0.000588566105225663
27.45	-0.000680400567825916
27.46	-0.000769226306648822
27.47	-0.000852516925516583
27.48	-0.000929586938331565
27.49	-0.000999371473127989
27.5	-0.00106068866351624
27.51	-0.00111511369401059
27.52	-0.00116414789767301
27.53	-0.00121043416217991
27.54	-0.00125564788605869
27.55	-0.00130025211476588
27.56	-0.00134421355475865
27.57	-0.00138727362031289
27.58	-0.001428506857886
27.59	-0.00146739450375175
27.6	-0.00150336841220512
27.61	-0.00153671490467541
27.62	-0.00156849623895439
27.63	-0.00159967213035118
27.64	-0.00163055793301936
27.65	-0.00166058579443085
27.66	-0.00168857414578855
27.67	-0.00171403803061104
27.68	-0.00173612428591
27.69	-0.00175380913715248
27.7	-0.00176683002511591
27.71	-0.0017748104112608
27.72	-0.00177885681050192
27.73	-0.001779009345902
27.74	-0.00177371282510537
27.75	-0.00176482478598961
27.76	-0.00175334336431394
27.77	-0.00173882966734167
27.78	-0.0017213518080262
27.79	-0.00170089967979812
27.8	-0.00167726094263227
27.81	-0.00164934220321527
27.82	-0.00161465288704303
27.83	-0.00157359074862412
27.84	-0.00152632411589365
27.85	-0.00147334183726618
27.86	-0.00141773701523135
27.87	-0.0013608484722951
27.88	-0.00130336129825454
27.89	-0.00124629771697336
27.9	-0.00119060860580539
27.91	-0.00113563174323747
27.92	-0.00108049938594401
27.93	-0.00102446279965792
27.94	-0.000967470840954981
27.95	-0.00090920254080054
27.96	-0.000849496816466087
27.97	-0.000789460004225953
27.98	-0.000729809190652951
27.99	-0.000670472956365709
28	-0.000611345830720806
28.01	-0.000551900372863301
28.02	-0.000491144368678739
28.03	-0.000428238163331922
28.04	-0.000362984360576127
28.05	-0.000296326947664833
28.06	-0.00022927121713601
28.07	-0.000162920101054456
28.08	-9.77557528990845E-05
28.09	-3.4553295125864E-05
28.1	2.6074955860883E-05
28.11	8.34213885053264E-05
28.12	0.000136714655782518
28.13	0.000187133265665655
28.14	0.000235246049757678
28.15	0.000280755051588515
28.16	0.000323546393311491
28.17	0.000363168482280608
28.18	0.000399052766677061
28.19	0.000430007521391172
28.2	0.000454556152124827
28.21	0.000474332860808601
28.22	0.000489516873899622
28.23	0.000500326497166312
28.24	0.000507858809580912
28.25	0.000512458342358507
28.26	0.000515074754345864
28.27	0.000516565860242315
28.28	0.00051693297090225
28.29	0.000515573657686704
28.3	0.000511758347334894
28.31	0.0005055435844196
28.32	0.000497963691756923
28.33	0.000488828044664721
28.34	0.000477829921970324
28.35	0.000465178044912673
28.36	0.000450231091950783
28.37	0.00043274787657518
28.38	0.000412237903895413
28.39	0.000387883378608974
28.4	0.000360536247095041
28.41	0.000330498232712226
28.42	0.000298267690700134
28.43	0.000264987009294681
28.44	0.000231973518383926
28.45	0.000200179936072424
28.46	0.000169702857623884
28.47	0.00014042343931528
28.48	0.000112299447111947
28.49	8.58707900005082E-05
28.5	6.12795562101035E-05
28.51	3.79823335377232E-05
28.52	1.56979455069462E-05
28.53	-5.94582031199751E-06
28.54	-2.71301554885275E-05
28.55	-4.82986712146203E-05
28.56	-6.99744601248933E-05
28.57	-9.2401340924904E-05
28.58	-0.000116076132514606
28.59	-0.000141352198434559
28.6	-0.000168380613610262
28.61	-0.000196465665263529
28.62	-0.000224975861934608
28.63	-0.00025337013164699
28.64	-0.000280792710502747
28.65	-0.000306518670906185
28.66	-0.000330469017618759
28.67	-0.000353332420308764
28.68	-0.000375007786653836
28.69	-0.000395310947351206
28.7	-0.000414315661576712
28.71	-0.000431636153496153
28.72	-0.00044711917195047
28.73	-0.000460675343936573
28.74	-0.000472170724675452
28.75	-0.000482281962875891
28.76	-0.000490970775771158
28.77	-0.000498014511734549
28.78	-0.00050359388739545
28.79	-0.000507342848113861
28.8	-0.000508941309364936
28.81	-0.00050830665142553
28.82	-0.000504901663984678
28.83	-0.000499341634559924
28.84	-0.000491935338649775
28.85	-0.000482932897824617
28.86	-0.000472819523953419
28.87	-0.000461722026392542
28.88	-0.000449966447276969
28.89	-0.000437883717542402
28.9	-0.000425582230313409
28.91	-0.000413194505905915
28.92	-0.000400838258226811
28.93	-0.000388550094496033
28.94	-0.000376361674209302
28.95	-0.000364379128321738
28.96	-0.000352552468403703
28.97	-0.000340643406966081
28.98	-0.000328358651037603
28.99	-0.000315602177258641
29	-0.000302411655995625
29.01	-0.000288745466468094
29.02	-0.000274730183236789
29.03	-0.000260510523185835
29.04	-0.000246320621719965
29.05	-0.000232326416678739
29.06	-0.000218753013216622
29.07	-0.000205709728931587
29.08	-0.000193167742988207
29.09	-0.00018119405239703
29.1	-0.000169609482643271
29.11	-0.000158268160955111
29.12	-0.000147036724289774
29.13	-0.000135839367017363
29.14	-0.000124661003860471
29.15	-0.000113525495452636
29.16	-0.000102464213105915
29.17	-9.15420083277259E-05
29.18	-8.07917006280303E-05
29.19	-7.02370033984844E-05
29.2	-5.99997945539352E-05
29.21	-5.02109070976536E-05
29.22	-4.10484797297523E-05
29.23	-3.26061195793901E-05
29.24	-2.48925957329033E-05
29.25	-1.80736923420862E-05
29.26	-1.20190639696858E-05
29.27	-6.59738543964441E-06
29.28	-1.77847187958737E-06
29.29	2.6465130092567E-06
29.3	6.70998634680361E-06
29.31	1.04046555317624E-05
29.32	1.37525203013653E-05
29.33	1.66742949675456E-05
29.34	1.91943630932948E-05
29.35	2.13654758669406E-05
29.36	2.31532078678975E-05
29.37	2.46510620163185E-05
29.38	2.58759922074179E-05
29.39	2.6817731081833E-05
29.4	2.75291292819546E-05
29.41	2.80092865266023E-05
29.42	2.82782803405726E-05
29.43	2.8362982244816E-05
29.44	2.82476429033042E-05
29.45	2.79796393881433E-05
29.46	2.75808572809407E-05
29.47	2.70634080389077E-05
29.48	2.64774091016113E-05
29.49	2.58358068500962E-05
29.5	2.5136896104791E-05
29.51	2.43907863723608E-05
29.52	2.36075201689036E-05
29.53	2.27988955673698E-05
29.54	2.19701661305344E-05
29.55	2.1124582478832E-05
29.56	2.0268964447231E-05
29.57	1.9408835117163E-05
29.58	1.85529351251351E-05
29.59	1.77036063675099E-05
29.6	1.6857474546679E-05
29.61	1.600763307895E-05
29.62	1.51507569230687E-05
29.63	1.42866837138919E-05
29.64	1.34201675485417E-05
29.65	1.25556771789177E-05
29.66	1.16993732780345E-05
29.67	1.08544823143128E-05
29.68	1.00256822917676E-05
29.69	9.21583579511025E-06
29.7	8.42581338945482E-06
29.71	7.66140788305192E-06
29.72	6.92127513879552E-06
29.73	6.20774800954088E-06
29.74	5.52735952433179E-06
29.75	4.87693433858671E-06
29.76	4.26124046572464E-06
29.77	3.68285150674607E-06
29.78	3.13943982987379E-06
29.79	2.63830109142758E-06
29.8	2.17694516890829E-06
29.81	1.75489566668035E-06
29.82	1.38083690127631E-06
29.83	1.04764276870544E-06
29.84	7.59230604170044E-07
29.85	5.1914906705411E-07
29.86	3.22234229817025E-07
29.87	1.75164796617816E-07
29.88	7.57253675136994E-08
29.89	1.53413478421169E-08
